chr1:clu_12856_- chr1 1065834 1066452 - chr1:1065833:1069307:clu_12856_- 8 1910 2819 chr1:1063015:G:A chr1 1063015 1063015 96 80.325 0.983987 505.682 2.06863e-06 -0.746355 0.00899101 0.00783327
TNFRSF4 chr1 1211626 1211704 - chr1:1211625:1211942:clu_12858_- 3 2224 131290 chr1:1080336:G:A chr1 1080336 1080336 96 82.2 1.07634 405.287 0.000843288 0.851165 0.551449 0.523785
PUSL1 chr1 1310689 1310909 + chr1:1311071:1311330:clu_6083_+ 3 2428 -197114 chr1:1113575:A:G chr1 1113575 1113575 96 81.15 1.0539 426.37 0.00022246 -0.844247 0.22977 0.232667
CCNL2 chr1 1390866 1391297 - chr1:1392803:1393396:clu_12860_- 6 2676 -645218 chr1:2036515:T:C chr1 2036515 2036515 96 90.0188 1.02986 1675.42 0.000438221 0.527252 0.658342 0.65919
MRPL20 chr1 1402251 1405809 - chr1:1405886:1406909:clu_12864_- 8 2705 -816489 chr1:2222298:G:A chr1 2222298 2222298 96 78.7687 1.05511 958.548 3.08933e-05 -1.40256 0.138861 0.126278
chr1:clu_12866_- chr1 1541597 1563316 - chr1:1541596:1800426:clu_12866_- 4 3020 0 chr1:1550068:C:A chr1 1550068 1550068 96 83.8313 0.952059 832.015 0.000205022 -0.65331 0.386613 0.37709
MIB2 chr1 1629312 1629385 + chr1:1629311:1629385:clu_6086_+ 8 3158 361479 chr1:1990864:T:C chr1 1990864 1990864 96 85.3875 1.01088 1798.04 1.2302e-05 -0.579914 0.0639361 0.0630827
CDK11B chr1 1642509 1645126 - chr1:1649637:1652469:clu_12869_- 13 3181 36497 chr1:1606012:G:A chr1 1606012 1606012 96 85.8375 1.09322 3783.17 2.04295e-05 0.762186 0.155844 0.158921
CDK11A,AL031282.2 chr1 1712401 1716346 - chr1:1712400:1716346:clu_12872_- 6 3184 792803 chr1:919598:C:A chr1 919598 919598 96 82.0125 1.06314 1063.11 0.000791476 0.547843 0.863137 0.858576
CDK11A,SLC35E2A,AL031282.2 chr1 1722832 1723800 - chr1:1732523:1734690:clu_12878_- 5 3184 -465879 chr1:2189679:T:C chr1 2189679 2189679 96 85.6313 1.0418 1369.86 0.000805721 -0.448762 0.885115 0.8734
GNB1 chr1 1787054 1787322 - chr1:1787053:1787322:clu_12879_- 2 3194 -314495 chr1:2101817:G:A chr1 2101817 2101817 96 88.2563 0.960334 575.036 0.00371687 -0.465412 0.963037 0.959346
FAAP20 chr1 2189758 2193639 - chr1:2189781:2192845:clu_12880_- 5 3461 -173416 chr1:2367055:C:A chr1 2367055 2367055 96 86.3813 1.02936 1438.21 0.000323328 -0.564033 0.61039 0.59425
RER1 chr1 2391959 2395784 + chr1:2391958:2395784:clu_6093_+ 7 3534 -102881 chr1:2289078:A:C chr1 2289078 2289078 96 86.2688 1.03997 2046.66 0.000380594 0.521752 0.782218 0.776239
TNFRSF14,AL139246.3 chr1 2560715 2561494 + chr1:2560714:2561494:clu_6095_+ 7 3705 260206 chr1:2821700:C:T chr1 2821700 2821700 96 84.4125 1.01434 1773.79 0.000309177 0.529443 0.729271 0.716347
SMIM1 chr1 3772789 3773063 + chr1:3773181:3775299:clu_6098_+ 3 5553 84503 chr1:3857566:A:G chr1 3857566 3857566 96 83.5312 1.08905 1348.08 2.80857e-06 0.741292 0.013986 0.0111986
KCNAB2 chr1 5992789 6018635 + chr1:6082274:6084492:clu_6103_+ 7 4413 647574 chr1:6666209:T:C chr1 6666209 6666209 96 86.6438 1.07848 2629.61 0.000817275 0.974383 0.974026 0.975986
NOL9 chr1 6549699 6550396 - chr1:6549698:6550396:clu_12892_- 3 4073 -500121 chr1:7050517:G:A chr1 7050517 7050517 96 84.525 1.03325 813.157 2.9363e-05 -0.728023 0.0549451 0.0628854
CAMTA1 chr1 6785576 6820181 + chr1:6820250:6825092:clu_6108_+ 12 4092 687835 chr1:7508016:G:A chr1 7508016 7508016 96 82.7062 1.04993 2600.15 0.000388171 0.588419 0.92008 0.917942
PARK7 chr1 7961736 7962763 + chr1:7970963:7977652:clu_6112_+ 8 3785 249873 chr1:8212636:A:G chr1 8212636 8212636 96 85.9313 1.01235 2508.88 0.000297054 -1.12633 0.787213 0.786277
RERE chr1 8656442 8790606 - chr1:8656441:8792404:clu_12898_- 4 3948 -281855 chr1:9072461:G:A chr1 9072461 9072461 96 78.3937 1.10197 757.615 0.000639838 0.561382 0.77023 0.756169
ENO1 chr1 8868058 8870452 - chr1:8868057:8871891:clu_12901_- 3 3464 466039 chr1:8402019:C:T chr1 8402019 8402019 96 85.3125 1.00468 869.563 1.5167e-06 1.01986 0.002997 0.00493436
chr1:clu_12899_- chr1 8942712 8969950 - chr1:8970671:8970892:clu_12899_- 18 3389 -338127 chr1:9308077:C:T chr1 9308077 9308077 96 83.6812 0.997559 2419.71 3.00304e-05 -1.19583 0.220779 0.212633
PIK3CD chr1 9630225 9633353 + chr1:9710596:9711918:clu_6133_+ 21 3072 -267307 chr1:9362918:C:T chr1 9362918 9362918 96 87.3562 0.944 3378.12 0.000105815 0.642387 0.546454 0.548224
LZIC chr1 9922359 9931891 - chr1:9941832:9942624:clu_12921_- 18 3208 -985860 chr1:10917751:G:A chr1 10917751 10917751 96 85.575 1.07736 5495.09 0.000378233 0.669127 0.98002 0.984868
AL357140.2,NMNAT1 chr1 9943516 9943679 + chr1:9943515:9943679:clu_6136_+ 6 3148 -114036 chr1:9829480:T:A chr1 9829480 9829480 96 82.6125 1.04667 1339.61 0.000234706 1.00981 0.56044 0.558863
UBE4B chr1 10033359 10072028 + chr1:10033358:10072028:clu_6138_+ 8 3175 -77719 chr1:9955640:C:T chr1 9955640 9955640 96 85.8 1.01781 1886.66 2.07505e-05 -0.879651 0.101898 0.0979793
CENPS-CORT,CENPS chr1 10430569 10433842 + chr1:10431401:10433842:clu_6145_+ 6 2505 -263595 chr1:10166974:A:C chr1 10166974 10166974 96 79.6125 1.11529 818.462 0.000977174 0.789533 0.869131 0.867353
DFFA chr1 10463210 10463431 - chr1:10463209:10463431:clu_12923_- 3 2473 -360192 chr1:10823623:G:A chr1 10823623 10823623 96 82.725 1.01853 501.514 0.00155274 -0.506335 0.816184 0.806023
PEX14 chr1 10475003 10495274 + chr1:10495116:10495274:clu_6147_+ 5 2508 335440 chr1:10830714:A:G chr1 10830714 10830714 96 87.225 1.0273 1056.39 0.000194793 -0.524287 0.321678 0.321141
TARDBP,AL109811.3 chr1 11023330 11023639 + chr1:11023329:11025110:clu_6154_+ 7 3544 -331808 chr1:10691522:C:T chr1 10691522 10691522 96 80.2875 1.09955 1234.02 1.08811e-05 -0.701981 0.040959 0.0506922
AL109811.2,AL109811.3 chr1 11029782 11029902 + chr1:11029781:11030179:clu_6155_+ 2 3551 657909 chr1:11687811:C:T chr1 11687811 11687811 96 79.6125 1.0645 351.589 0.00127247 -0.707274 0.677323 0.668539
SRM chr1 11054886 11054962 - chr1:11055084:11055781:clu_12924_- 6 3580 420818 chr1:10634068:G:A chr1 10634068 10634068 96 84.825 1.05262 991.981 0.000422524 0.840899 0.586414 0.576497
FBXO44 chr1 11662681 11662816 + chr1:11662731:11662816:clu_6160_+ 6 3413 -717243 chr1:10945438:T:C chr1 10945438 10945438 96 84.2437 1.04998 1504.61 0.000254205 -0.504766 0.582418 0.580712
MAD2L2 chr1 11674646 11675082 - chr1:11674645:11675082:clu_12926_- 3 3411 -845626 chr1:12520708:T:C chr1 12520708 12520708 96 90.0188 0.977927 1091.24 0.000104229 0.760157 0.183816 0.179336
KIAA2013 chr1 11920333 11920461 - chr1:11920332:11922636:clu_12928_- 2 3417 -286946 chr1:12207407:C:A chr1 12207407 12207407 96 83.175 1.10429 515.225 0.00259442 -0.67816 0.921079 0.912487
DHRS3 chr1 12568425 12572728 - chr1:12568424:12617154:clu_12929_- 10 2963 -42967 chr1:12615695:G:A chr1 12615695 12615695 96 78.2438 1.11444 1094.56 6.5465e-05 -0.560838 0.247752 0.243227
PRDM2 chr1 13731118 13732779 + chr1:13749487:13769118:clu_6171_+ 10 3642 -251880 chr1:13479238:C:T chr1 13479238 13479238 96 85.1063 1.03695 2874.42 1.06338e-05 0.990402 0.0919081 0.0839168
EFHD2 chr1 15426019 15427150 + chr1:15427284:15428593:clu_6172_+ 3 5056 -297323 chr1:15128696:C:T chr1 15128696 15128696 96 84.8062 1.02327 1009.72 0.000330706 -0.600637 0.516484 0.517021
AGMAT chr1 15572915 15573588 - chr1:15574841:15577685:clu_12933_- 6 4924 -458969 chr1:16032557:G:A chr1 16032557 16032557 96 87.7875 1.04702 2498.25 0.000325414 -0.801255 0.761239 0.755677
NECAP2 chr1 16440854 16441166 + chr1:16440853:16443632:clu_6179_+ 2 4224 -53254 chr1:16387600:C:T chr1 16387600 16387600 96 78.3375 1.08 264.57 0.00135794 -0.635281 0.61039 0.603258
chr1:clu_12944_- chr1 16635169 16642767 - chr1:16635168:16642767:clu_12944_- 10 3996 542445 chr1:16092724:G:A chr1 16092724 16092724 96 83.4375 1.01678 1681.93 1.12013e-06 -0.819363 0.011988 0.00873934
BX284668.5 chr1 16888783 16889216 - chr1:16888785:16889216:clu_12945_- 5 3865 506196 chr1:16382587:C:T chr1 16382587 16382587 96 81.6375 1.06573 1065.83 2.27821e-05 0.805208 0.0829171 0.0799115
SDHB chr1 17018959 17022608 - chr1:17022730:17023973:clu_12948_- 5 3866 -543713 chr1:17566321:C:A chr1 17566321 17566321 96 81.2812 1.05116 1080.37 0.00011946 1.04552 0.325674 0.328708
PADI4 chr1 17356128 17356232 + chr1:17356190:17356357:clu_6181_+ 3 3774 -306565 chr1:17049563:T:C chr1 17049563 17049563 96 90.3562 1.04442 1328.62 0.00142055 0.931285 0.923077 0.921127
EMC1-AS1 chr1 19210560 19213329 + chr1:19210559:19213329:clu_6182_+ 4 4853 -823597 chr1:18386963:G:A chr1 18386963 18386963 96 85.725 0.988639 1367.76 0.00121118 -0.525305 0.957043 0.95411
AKR7A2 chr1 19291834 19306018 - chr1:19299107:19306018:clu_12950_- 3 4986 -14854 chr1:19320872:T:C chr1 19320872 19320872 96 82.8938 1.0834 1037.54 0.000110765 0.526562 0.261738 0.253516
CAPZB chr1 19339618 19344358 - chr1:19357563:19378540:clu_12952_- 5 5019 -87548 chr1:19431906:G:A chr1 19431906 19431906 96 82.2375 1.05211 1465.37 0.000127763 0.600193 0.416583 0.413612
MICOS10,MICOS10-NBL1,NBL1 chr1 19597110 19622100 + chr1:19597109:19623474:clu_6186_+ 3 5063 -919995 chr1:18677115:C:T chr1 18677115 18677115 96 86.1563 1.03449 1216.01 0.000238196 -0.507061 0.434565 0.43971
MICOS10,MICOS10-NBL1 chr1 19623584 19626387 + chr1:19623856:19626387:clu_6187_+ 3 5042 144731 chr1:19771118:A:G chr1 19771118 19771118 96 79.35 1.14014 907.593 0.00038916 -0.845748 0.636364 0.627675
TMCO4 chr1 19755767 19770542 - chr1:19755766:19770542:clu_12956_- 5 5146 270609 chr1:19485158:C:A chr1 19485158 19485158 96 80.6813 1.08811 1405.56 0.000155344 0.67481 0.481518 0.483118
OTUD3 chr1 19882721 19890385 + chr1:19882720:19890385:clu_6189_+ 7 4741 700230 chr1:20590615:G:A chr1 20590615 20590615 96 82.9313 1.06315 1966.65 1.40122e-05 -0.639436 0.0879121 0.0856475
HP1BP3 chr1 20773611 20776597 - chr1:20779911:20780272:clu_12962_- 14 4227 -638248 chr1:21414845:C:T chr1 21414845 21414845 96 79.8937 1.09208 3181.8 5.60222e-05 -0.62875 0.503497 0.489857
USP48 chr1 21679440 21679564 - chr1:21721163:21721650:clu_12968_- 30 4298 52646 chr1:21626794:G:A chr1 21626794 21626794 96 87.4688 1.02876 10212.4 7.59686e-06 0.967376 0.167832 0.169219
chr1:clu_6196_+ chr1 22046608 22062214 + chr1:22061686:22062214:clu_6196_+ 7 4444 -713235 chr1:21333373:G:A chr1 21333373 21333373 96 81.3563 1.09041 1866.44 0.000294177 -0.610652 0.77023 0.773796
CDC42 chr1 22052743 22078429 + chr1:22074219:22078429:clu_6199_+ 8 4451 333510 chr1:22411939:C:A chr1 22411939 22411939 96 85.2563 1.08573 2844.94 0.000157259 0.918743 0.635365 0.61538
KDM1A chr1 23019948 23030469 + chr1:23044486:23050387:clu_6203_+ 12 3812 488149 chr1:23518618:G:C chr1 23518618 23518618 96 81.9187 1.02007 1993.08 7.08551e-05 0.548952 0.386613 0.375033
HNRNPR chr1 23313703 23318483 - chr1:23323732:23337754:clu_12978_- 10 3499 -734117 chr1:24052600:T:C chr1 24052600 24052600 96 91.0125 1.01341 3739.22 0.000674428 -0.565411 0.974026 0.96873
TCEA3 chr1 23381475 23384346 - chr1:23418009:23419077:clu_12982_- 6 3472 -756420 chr1:24140766:A:G chr1 24140766 24140766 96 82.95 1.0527 1213.02 0.000189319 -0.599892 0.460539 0.444739
MDS2 chr1 23627538 23628507 + chr1:23639795:23654599:clu_6208_+ 19 3600 31476 chr1:23659983:C:T chr1 23659983 23659983 96 83.775 1.06913 4007.82 4.5135e-10 0.887849 0.000999001 1.07758e-05
RPL11 chr1 23691830 23692609 + chr1:23691829:23692609:clu_6211_+ 2 3481 869651 chr1:24562260:C:G chr1 24562260 24562260 96 80.8687 1.02361 261.374 0.00598907 -0.391802 0.954046 0.951616
PNRC2 chr1 23959257 23960929 + chr1:23959994:23960929:clu_6214_+ 6 3406 -696536 chr1:23262721:G:A chr1 23262721 23262721 96 87.0188 0.992809 1199.21 0.000169405 -0.606089 0.356643 0.341655
SRSF10 chr1 23967724 23971338 - chr1:23971626:23971850:clu_12989_- 13 3422 463213 chr1:23504511:G:A chr1 23504511 23504511 96 86.6625 1.01394 2564.08 9.33778e-06 -1.02661 0.0579421 0.0607083
NIPAL3 chr1 24464121 24466004 + chr1:24464120:24474115:clu_6218_+ 3 3407 -845492 chr1:23618629:G:A chr1 23618629 23618629 96 85.6125 1.01629 772.306 5.07382e-06 -0.787971 0.011988 0.0117721
RCAN3AS chr1 24496597 24497263 - chr1:24496596:24497263:clu_12994_- 7 3403 234569 chr1:24262028:G:A chr1 24262028 24262028 96 86.1938 1.00269 1604.65 0.000162245 0.570949 0.445554 0.431513
RCAN3 chr1 24503118 24514314 + chr1:24514567:24517676:clu_6216_+ 6 3389 -22087 chr1:24481031:C:A chr1 24481031 24481031 96 81.1125 1.1332 1196.11 2.82931e-06 0.606432 0.012987 0.0111761
SRRM1 chr1 24646790 24647079 + chr1:24647208:24648859:clu_6217_+ 17 3294 -525812 chr1:24120978:G:C chr1 24120978 24120978 96 83.1562 1.08558 2991.94 5.21206e-05 -0.524819 0.34965 0.353209
RSRP1 chr1 25242414 25242539 - chr1:25243633:25245150:clu_12999_- 11 3227 349330 chr1:24893084:G:A chr1 24893084 24893084 96 84.8062 1.02806 2182.78 0.000317692 0.680656 0.784216 0.78259
TMEM50A chr1 25340580 25342961 + chr1:25351693:25356793:clu_6229_+ 8 3334 469685 chr1:25812646:T:C chr1 25812646 25812646 96 85.6313 0.971684 1445.14 0.00147714 0.608843 0.984016 0.9807
MACO1 chr1 25431179 25432891 + chr1:25454382:25456695:clu_6232_+ 14 3372 939775 chr1:26372666:T:C chr1 26372666 26372666 96 86.3063 0.99915 2500.3 9.96439e-05 -0.541232 0.444555 0.431292
LDLRAP1,AL606491.1 chr1 25543787 25553922 + chr1:25563791:25565173:clu_6233_+ 22 3330 -990966 chr1:24552821:T:C chr1 24552821 24552821 96 83.925 0.995658 1606.05 0.000118105 0.559261 0.421578 0.404182
LDLRAP1 chr1 25562717 25563070 + chr1:25562905:25563070:clu_6234_+ 3 3262 -676535 chr1:24886182:A:C chr1 24886182 24886182 96 81.075 1.04505 513.196 0.000653187 -0.566778 0.592408 0.571179
SH3BGRL3 chr1 26280204 26280765 + chr1:26280203:26281058:clu_6242_+ 3 2766 -65265 chr1:26214939:C:T chr1 26214939 26214939 96 85.2563 1.02599 459.618 0.000250075 0.511172 0.210789 0.216483
UBXN11 chr1 26282570 26282649 - chr1:26282595:26282649:clu_13011_- 2 2769 940004 chr1:25342566:A:C chr1 25342566 25342566 96 84.3375 1.08724 337.257 0.0017323 -0.685143 0.643357 0.640503
CD52 chr1 26318072 26320171 + chr1:26318071:26320171:clu_6244_+ 3 2776 653238 chr1:26973409:C:A chr1 26973409 26973409 96 81.1688 1.09305 359.665 0.000158751 0.512681 0.141858 0.13882
HMGN2 chr1 26473528 26473703 + chr1:26474135:26474572:clu_6248_+ 7 2790 62033 chr1:26535736:G:C chr1 26535736 26535736 96 86.3438 0.97257 934.805 0.000350658 0.548635 0.490509 0.494333
NUDC chr1 26924167 26941457 + chr1:26934419:26941457:clu_6254_+ 2 2611 41083 chr1:26982540:C:T chr1 26982540 26982540 96 80.4375 1.06008 250.246 0.00339049 -1.06387 0.831169 0.826954
SYTL1 chr1 27351556 27353283 + chr1:27351555:27353713:clu_6256_+ 3 2114 114401 chr1:27467684:G:C chr1 27467684 27467684 96 76.9875 1.11385 293.138 0.00215164 -0.59228 0.803197 0.799509
MAP3K6 chr1 27355427 27355669 - chr1:27355469:27356026:clu_13016_- 4 2100 -563674 chr1:27919343:C:T chr1 27919343 27919343 96 83.1562 1.09188 564.028 3.61156e-06 -0.628528 0.00599401 0.00571952
BX293535.1 chr1 27522547 27530286 + chr1:27522546:27530286:clu_6259_+ 7 2080 -942452 chr1:26580095:A:G chr1 26580095 26580095 96 81.2437 1.05709 725.869 0.00158591 0.444209 0.924076 0.923777
IFI6,LINC02574 chr1 27660723 27668226 - chr1:27666475:27668226:clu_13019_- 2 2072 576940 chr1:27083783:A:C chr1 27083783 27083783 96 83.3812 1.01788 242.027 0.000865193 -0.717277 0.380619 0.362488
FAM76A chr1 27734184 27744654 + chr1:27734183:27744654:clu_6261_+ 3 2075 -378549 chr1:27355635:T:C chr1 27355635 27355635 96 75.1125 1.03935 208.889 0.0013544 -0.559637 0.618382 0.602917
STX12 chr1 27793633 27801062 + chr1:27812060:27812163:clu_6264_+ 7 2095 299653 chr1:28100715:A:C chr1 28100715 28100715 96 79.2562 1.16167 632.574 0.00043291 0.460864 0.545455 0.514259
DNAJC8 chr1 28208414 28209972 - chr1:28208413:28210571:clu_13023_- 6 2300 111442 chr1:28096972:C:T chr1 28096972 28096972 96 83.4 1.05561 632.038 0.0012944 -0.479598 0.806194 0.806087
ATP5IF1 chr1 28236453 28237761 + chr1:28236452:28237761:clu_6268_+ 4 2341 0 chr1:28237741:A:G chr1 28237741 28237741 96 75.9562 1.02443 284.637 3.42408e-06 -0.638922 0.00999001 0.00918385
PHACTR4 chr1 28369826 28392842 + chr1:28420465:28457832:clu_6272_+ 22 2511 525097 chr1:28917939:T:G chr1 28917939 28917939 96 78.45 1.08083 1275.77 2.59475e-05 0.633069 0.148851 0.141124
SNHG3,RCC1 chr1 28506085 28506220 + chr1:28506084:28508128:clu_6273_+ 3 2659 848235 chr1:29354455:T:A chr1 29354455 29354455 96 88.2 1.05524 536.7 0.00364574 -0.542019 0.938062 0.937253
RCC1 chr1 28508902 28509337 + chr1:28508905:28510649:clu_6274_+ 7 2661 -877569 chr1:27631333:C:T chr1 27631333 27631333 96 78.5437 1.0539 529.68 0.000118045 0.864151 0.216783 0.210967
TRNAU1AP chr1 28564835 28567294 + chr1:28567413:28577500:clu_6279_+ 9 2810 565311 chr1:29132605:G:A chr1 29132605 29132605 96 81.7125 1.02832 1055.37 0.000142888 1.06434 0.374625 0.366431
SNHG12 chr1 28578681 28579533 - chr1:28579981:28580560:clu_13030_- 15 2834 -965727 chr1:29545260:C:A chr1 29545260 29545260 96 91.9688 0.979204 4329.05 2.73049e-05 0.934895 0.15984 0.167858
YTHDF2 chr1 28738339 28768929 + chr1:28765300:28768929:clu_6278_+ 7 3297 850798 chr1:29619727:G:A chr1 29619727 29619727 96 83.7188 1.05196 1302.66 9.264e-06 -0.753724 0.031968 0.0369867
EPB41 chr1 28893838 28987431 + chr1:28987905:29015692:clu_6285_+ 23 3817 -9098 chr1:28884740:C:T chr1 28884740 28884740 96 83.025 1.03998 3060.44 9.41137e-05 -0.907992 0.572428 0.561293
SRSF4 chr1 29149227 29150103 - chr1:29179749:29181646:clu_13038_- 8 3829 196113 chr1:28953114:T:C chr1 28953114 28953114 96 86.1563 1.03441 2276.84 0.0010586 -0.474881 0.983017 0.986662
MECR chr1 29194175 29195941 - chr1:29194179:29195941:clu_13040_- 2 3931 -693885 chr1:29889826:C:T chr1 29889826 29889826 96 85.2563 1.02674 593.654 0.000279848 1.08894 0.311688 0.295615
chr1:clu_6295_+ chr1 30732658 30739878 + chr1:30732657:30739878:clu_6295_+ 2 4752 -139157 chr1:30593501:C:T chr1 30593501 30593501 96 82.5187 1.04473 573.773 0.000192374 0.577121 0.255744 0.250812
LAPTM5 chr1 30737700 30738940 - chr1:30753347:30756396:clu_13043_- 13 4743 -18096 chr1:30757036:G:A chr1 30757036 30757036 96 78.6 1.0561 2017.54 5.27874e-05 -0.618572 0.36963 0.376559
PUM1 chr1 31007100 31028796 - chr1:31015139:31019429:clu_13050_- 13 4294 901329 chr1:30105771:G:A chr1 30105771 30105771 96 83.6063 1.04719 2662.19 0.000472508 -0.528017 0.944056 0.943088
ZCCHC17 chr1 31319167 31325106 + chr1:31319166:31337175:clu_6299_+ 9 3635 -401004 chr1:30918163:T:G chr1 30918163 30918163 96 80.8875 1.10012 1507.84 0.000337789 0.49817 0.754246 0.7489
chr1:clu_13053_- chr1 31630044 31630550 - chr1:31630098:31630550:clu_13053_- 3 3060 -233307 chr1:31863857:C:T chr1 31863857 31863857 96 81.3375 1.09407 393.699 0.000556523 -0.559821 0.416583 0.400059
PTP4A2 chr1 31908961 31910038 - chr1:31910112:31911696:clu_13056_- 8 2595 741534 chr1:31167427:A:G chr1 31167427 31167427 96 80.7562 1.10008 691.588 0.000632562 -0.557286 0.676324 0.659567
KHDRBS1 chr1 32014378 32016951 + chr1:32014377:32016951:clu_6304_+ 2 2588 -990923 chr1:31023455:C:T chr1 31023455 31023455 96 78.3 1.01264 168.801 0.00399365 1.44753 0.792208 0.792097
CCDC28B chr1 32204046 32204186 + chr1:32204620:32205201:clu_6311_+ 6 2379 643574 chr1:32847760:C:T chr1 32847760 32847760 96 85.2938 1.04408 756.456 0.000347369 -0.857386 0.407592 0.411679
EIF3I chr1 32231020 32231115 + chr1:32231019:32231115:clu_6312_+ 3 2310 -540692 chr1:31690328:G:A chr1 31690328 31690328 96 83.3437 1.06241 356.497 0.00276581 0.386374 0.846154 0.835257
HDAC1 chr1 32331583 32331676 + chr1:32331582:32331680:clu_6316_+ 2 2232 435098 chr1:32766774:G:T chr1 32766774 32766774 96 77.2312 1.09886 191.933 0.000514533 0.845593 0.256743 0.256158
FAM229A chr1 32361536 32361730 - chr1:32361564:32361730:clu_13065_- 2 2241 479817 chr1:31881719:G:A chr1 31881719 31881719 96 80.1937 1.04237 207.848 0.000633119 0.747565 0.301698 0.292904
ZBTB8OS chr1 32621942 32627508 - chr1:32632345:32633645:clu_13069_- 22 2245 -830189 chr1:33457697:C:T chr1 33457697 33457697 96 81.9375 0.985953 1909.1 0.000362814 -0.854834 0.852148 0.852984
S100PBP chr1 32830068 32832334 + chr1:32830067:32834865:clu_6321_+ 10 2361 204249 chr1:33036583:G:A chr1 33036583 33036583 96 84.6937 1.04507 1180.92 0.000156196 0.839939 0.34965 0.343991
SFPQ chr1 35176472 35177319 - chr1:35190995:35191341:clu_13080_- 11 2313 895393 chr1:34281079:T:C chr1 34281079 34281079 96 84.0187 1.02166 1672.94 0.00012925 -0.678472 0.445554 0.426997
AC004865.2 chr1 35569920 35574360 - chr1:35569919:35574360:clu_13085_- 2 1999 879455 chr1:34690465:T:C chr1 34690465 34690465 96 84.4687 0.99491 281.843 0.000305005 0.54695 0.177822 0.183151
AGO3 chr1 35973512 35982621 + chr1:35984548:35986844:clu_6334_+ 10 1749 -732748 chr1:35240764:C:A chr1 35240764 35240764 96 83.475 1.04022 741.621 0.00190684 -0.597575 0.927073 0.936362
TRAPPC3 chr1 36137317 36137796 - chr1:36137978:36139720:clu_13088_- 7 1996 -230683 chr1:36368479:T:C chr1 36368479 36368479 96 84.6937 1.01389 524.887 0.00017064 -1.67437 0.192807 0.190997
MAP7D1 chr1 36156464 36170971 + chr1:36156463:36170971:clu_6335_+ 3 2034 297757 chr1:36468728:A:G chr1 36468728 36468728 96 84.825 1.02857 303.231 0.0128763 -0.463797 0.998002 0.997204
THRAP3 chr1 36224506 36224971 + chr1:36224505:36224971:clu_6337_+ 18 2050 42991 chr1:36267962:C:T chr1 36267962 36267962 96 85.3313 1.04991 1953.83 0.00030515 -0.689032 0.711289 0.709636
MRPS15 chr1 36457982 36460692 - chr1:36457981:36460692:clu_13090_- 3 2554 928002 chr1:35529980:T:C chr1 35529980 35529980 96 80.2875 1.121 442.648 0.000413452 -0.797381 0.374625 0.367679
MEAF6 chr1 37509320 37509455 - chr1:37509319:37509455:clu_13093_- 2 3576 -868014 chr1:38377469:G:A chr1 38377469 38377469 96 87.1875 1.03703 674.179 0.000684017 -0.767177 0.543457 0.542096
SF3A3 chr1 37958264 37960120 - chr1:37960175:37968044:clu_13100_- 8 3684 -449838 chr1:38409958:T:G chr1 38409958 38409958 96 90.0563 0.997364 3489.15 0.000529546 0.579783 0.938062 0.937171
AL139260.3,MYCBP,AL139260.2 chr1 38867000 38873018 - chr1:38866999:38873018:clu_13103_- 2 3365 -919995 chr1:39793013:T:C chr1 39793013 39793013 96 88.2563 0.930575 708.336 0.000664436 0.490358 0.566434 0.575424
chr1:clu_13104_- chr1 38994945 38995086 - chr1:38994944:38995086:clu_13104_- 2 3311 -651613 chr1:39646699:T:C chr1 39646699 39646699 96 84.1312 1.0306 540.025 0.00324307 -0.516266 0.946054 0.955913
AKIRIN1 chr1 38998312 39000972 + chr1:38998311:39000972:clu_6346_+ 3 3315 -346480 chr1:38651832:T:C chr1 38651832 38651832 96 86.9813 0.999228 861.823 0.000149091 -0.504852 0.235764 0.23302
NDUFS5 chr1 39026399 39028723 + chr1:39026402:39028723:clu_6344_+ 2 3375 0 chr1:39026408:T:G chr1 39026408 39026408 96 84.3187 1.04944 445.181 1.94614e-07 -1.10385 0.001998 0.000323588
MACF1 chr1 39283516 39284038 + chr1:39283515:39284038:clu_6349_+ 2 3382 348914 chr1:39632952:G:T chr1 39632952 39632952 96 84.0187 1.0494 543.329 0.000141743 -1.09853 0.171828 0.165553
chr1:clu_13106_- chr1 39522506 39523558 - chr1:39522505:39523746:clu_13106_- 10 3422 -923071 chr1:40446629:A:G chr1 40446629 40446629 96 81.7875 1.07025 1568.63 5.16016e-05 -1.01882 0.218781 0.225803
chr1:clu_13108_- chr1 39548952 39553118 - chr1:39548951:39554349:clu_13108_- 3 3473 -162129 chr1:39715247:A:G chr1 39715247 39715247 96 83.2312 1.04388 676 0.000811315 -0.509628 0.696304 0.692832
chr1:clu_13109_- chr1 39554393 39556134 - chr1:39554392:39556599:clu_13109_- 3 3493 944897 chr1:38609496:T:C chr1 38609496 38609496 96 83.175 1.06242 611.671 0.00126325 -1.08335 0.786214 0.790609
PABPC4 chr1 39561123 39561685 - chr1:39570002:39571097:clu_13112_- 4 3517 -825464 chr1:40387149:A:G chr1 40387149 40387149 96 86.5313 1.02407 1190.31 0.000376151 -0.78315 0.57043 0.573323
PPIE chr1 39738924 39740165 + chr1:39738931:39740165:clu_6354_+ 19 3534 785338 chr1:40525503:T:C chr1 40525503 40525503 96 81.4875 1.08681 2412.41 0.000487868 0.492068 0.95005 0.951263
ZMPSTE24 chr1 40272036 40281343 + chr1:40272035:40281343:clu_6367_+ 2 3761 -123695 chr1:40148341:T:C chr1 40148341 40148341 96 86.2688 1.04836 643.476 0.00260028 -1.09209 0.929071 0.932532
SMAP2 chr1 40362437 40406736 + chr1:40374223:40406800:clu_6369_+ 14 4039 118767 chr1:40525503:T:C chr1 40525503 40525503 96 80.3062 1.07666 1947.33 0.000143293 0.533382 0.605395 0.595832
CTPS1 chr1 40996069 40997394 + chr1:40997526:40999830:clu_6378_+ 5 3938 -678133 chr1:40317936:G:A chr1 40317936 40317936 96 84.8812 1.0277 1420.96 0.000256169 0.785016 0.574426 0.554302
FOXJ3 chr1 42278673 42311050 - chr1:42278784:42311050:clu_13123_- 7 3751 457592 chr1:41821081:A:G chr1 41821081 41821081 96 85.2938 1.01111 1350.58 0.00013777 1.04384 0.355644 0.352586
PPCS chr1 42456500 42457247 + chr1:42457073:42457247:clu_6379_+ 6 3414 440119 chr1:42897366:G:T chr1 42897366 42897366 96 75.1125 1.1081 557.313 6.43366e-05 0.588693 0.168831 0.165539
PPCS,CCDC30 chr1 42457351 42457452 + chr1:42459305:42459603:clu_6380_+ 13 3412 -68826 chr1:42388525:T:G chr1 42388525 42388525 96 78.3562 1.0524 852.98 5.84467e-06 -0.625173 0.031968 0.0294194
PPIH chr1 42660905 42664863 + chr1:42667440:42675367:clu_6383_+ 11 3341 194884 chr1:42859747:T:A chr1 42859747 42859747 96 84.5437 1.03166 1837.8 0.000417052 -0.939867 0.805195 0.810642
YBX1 chr1 42682732 42683403 + chr1:42683466:42693490:clu_6384_+ 6 3346 212140 chr1:42895543:T:C chr1 42895543 42895543 96 85.65 0.970042 999.237 0.000967358 -0.719716 0.845155 0.847664
MED8 chr1 43385107 43385978 - chr1:43385106:43385978:clu_13131_- 3 3427 -161274 chr1:43547252:C:T chr1 43547252 43547252 96 80.5125 1.06369 451.788 8.47665e-06 0.706428 0.011988 0.0155688
HYI chr1 43451312 43451410 - chr1:43451311:43451410:clu_13133_- 5 3296 -306640 chr1:43758050:T:C chr1 43758050 43758050 96 85.425 1.0614 1010.74 0.000591127 -1.0334 0.689311 0.677918
ATP6V0B chr1 43976825 43977026 + chr1:43976824:43977026:clu_6393_+ 3 3181 -193152 chr1:43783673:A:G chr1 43783673 43783673 96 85.125 1.03457 683.976 0.000220154 0.630497 0.266733 0.276669
DMAP1 chr1 44220310 44220559 + chr1:44220309:44220561:clu_6395_+ 2 3086 58134 chr1:44278693:G:A chr1 44278693 44278693 96 87.45 0.978838 478.818 2.38602e-05 -0.894275 0.030969 0.0285019
ARMH1 chr1 44724393 44724521 + chr1:44724392:44724521:clu_6400_+ 8 3160 -876766 chr1:43847627:G:C chr1 43847627 43847627 96 80.6625 1.08015 1177.66 3.23474e-05 0.903595 0.132867 0.126619
EIF2B3 chr1 44851004 44857704 - chr1:44856054:44857704:clu_13141_- 7 3133 -807024 chr1:45664728:T:G chr1 45664728 45664728 96 79.7625 1.03623 647.346 0.000833694 -0.728252 0.769231 0.768114
UROD chr1 45014837 45014940 + chr1:45015006:45015337:clu_6404_+ 3 3191 285567 chr1:45300507:C:T chr1 45300507 45300507 96 83.175 1.00366 452.845 0.0023007 -0.81848 0.87013 0.873203
MUTYH,AL451136.1 chr1 45329438 45329889 - chr1:45330557:45331182:clu_13143_- 7 3023 433910 chr1:44895528:C:A chr1 44895528 44895528 96 81.3375 1.04584 639.235 0.000712919 0.495676 0.681319 0.675108
PRDX1 chr1 45511415 45514507 - chr1:45511414:45514873:clu_13145_- 3 3246 902247 chr1:44609168:A:G chr1 44609168 44609168 96 79.7437 1.00857 318.91 0.000377264 0.58967 0.318681 0.314186
AKR1A1 chr1 45568178 45568485 + chr1:45568177:45568927:clu_6405_+ 3 3209 -867943 chr1:44700235:T:C chr1 44700235 44700235 96 82.575 0.980466 319.033 0.0072005 0.393059 0.986014 0.983892
NASP chr1 45584206 45588651 + chr1:45617591:45618043:clu_6410_+ 16 3206 -873486 chr1:44710720:C:A chr1 44710720 44710720 96 82.35 1.09517 1849.69 0.000124416 -1.04301 0.476523 0.461502
GPBP1L1 chr1 45654830 45655190 - chr1:45654829:45659028:clu_13146_- 3 3187 -465478 chr1:46120668:A:G chr1 46120668 46120668 96 75.3 1.09353 228.921 0.00452043 1.09757 0.919081 0.924972
UQCRH chr1 46303821 46309101 + chr1:46309127:46310155:clu_6411_+ 3 3321 97213 chr1:46406314:C:T chr1 46406314 46406314 96 81 0.98761 307.905 0.000240851 -0.662323 0.204795 0.210933
MKNK1 chr1 46576655 46580530 - chr1:46580627:46582814:clu_13153_- 14 3522 -996402 chr1:47576932:A:G chr1 47576932 47576932 96 78.225 1.12871 1123.38 0.000273787 -0.613098 0.64036 0.633647
ATPAF1 chr1 46632857 46633777 - chr1:46653867:46658127:clu_13158_- 14 3544 -948611 chr1:47582388:A:G chr1 47582388 47582388 96 81.375 1.04795 1961.74 1.512e-05 -0.594347 0.0999001 0.111446
CMPK1 chr1 47368537 47372955 + chr1:47373107:47375197:clu_6416_+ 5 3530 876357 chr1:48249312:T:C chr1 48249312 48249312 96 81.9562 1.07846 1040.81 0.000471702 -0.687013 0.7003 0.696795
SPATA6 chr1 48403883 48411464 - chr1:48451600:48452994:clu_13162_- 7 2803 76831 chr1:48327052:G:A chr1 48327052 48327052 96 82.575 1.04459 1104 9.30443e-05 0.915351 0.261738 0.255456
BEND5 chr1 48728044 48734045 - chr1:48728043:48736239:clu_13164_- 12 2380 -228082 chr1:48962127:G:A chr1 48962127 48962127 96 76.0875 1.03973 609.977 0.000251641 -0.853374 0.466533 0.478318
FAF1 chr1 50441524 50451793 - chr1:50441523:50451793:clu_13167_- 2 1740 282016 chr1:50159508:C:G chr1 50159508 50159508 96 80.625 1.03751 121.123 0.00313726 1.0722 0.547453 0.545894
OSBPL9 chr1 51652042 51653707 + chr1:51652041:51653707:clu_6417_+ 8 1889 979179 chr1:52632886:C:A chr1 52632886 52632886 96 83.1375 1.07575 683.188 1.39783e-06 -0.913054 0.004995 0.00315592
NRDC chr1 51789434 51789568 - chr1:51840514:51855226:clu_13176_- 13 1967 -66343 chr1:51855911:C:A chr1 51855911 51855911 96 83.0438 1.02066 795.528 0.000226359 -1.12332 0.37962 0.373186
BTF3L4 chr1 52064939 52083340 + chr1:52083541:52086112:clu_6422_+ 3 2140 -106852 chr1:51958087:A:G chr1 51958087 51958087 96 83.5875 1.06054 300.714 0.00332295 0.61027 0.833167 0.829285
TUT4 chr1 52477883 52478843 - chr1:52509712:52515891:clu_13182_- 35 2646 289140 chr1:52188743:G:A chr1 52188743 52188743 96 85.2938 1.02345 4154.5 0.000105504 -0.773316 0.65035 0.648502
SHISAL2A chr1 52633040 52642863 + chr1:52643002:52656790:clu_6425_+ 17 2749 -104850 chr1:52528190:A:T chr1 52528190 52528190 96 79.05 1.08194 1301.95 0.000647095 -0.57957 0.909091 0.912233
ECHDC2 chr1 52896501 52897437 - chr1:52899224:52904646:clu_13186_- 10 2999 -720202 chr1:53617639:C:T chr1 53617639 53617639 96 81.375 1.03654 1285.48 2.72561e-05 0.810603 0.121878 0.123914
MAGOH chr1 53227145 53228872 - chr1:53228954:53235577:clu_13189_- 5 3134 533594 chr1:52693551:G:A chr1 52693551 52693551 96 82.8563 1.06676 985.223 0.000552839 -0.581817 0.709291 0.708957
HSPB11 chr1 53917117 53923904 - chr1:53921767:53922636:clu_13195_- 11 3986 344267 chr1:53572850:C:G chr1 53572850 53572850 96 90.9375 0.99902 5052.56 0.000200609 -0.769777 0.771229 0.776773
TMEM59 chr1 54030620 54032177 - chr1:54030619:54036610:clu_13198_- 5 4112 -454290 chr1:54486467:A:G chr1 54486467 54486467 96 82.8375 1.0589 1300.18 1.80278e-06 -0.640573 0.00899101 0.00901152
MRPL37 chr1 54216345 54218172 + chr1:54216344:54225125:clu_6432_+ 2 3770 85484 chr1:54303656:T:C chr1 54303656 54303656 96 82.7437 1.06062 544.643 2.88553e-05 0.609318 0.038961 0.0449824
SSBP3 chr1 54412878 54413081 - chr1:54412877:54413081:clu_13203_- 3 3933 -95459 chr1:54508540:A:G chr1 54508540 54508540 96 83.5312 1.03474 821.57 0.000430118 -0.491694 0.557443 0.554124
TTC4,MROH7-TTC4 chr1 54721241 54721326 + chr1:54721240:54721326:clu_6433_+ 3 4204 -375944 chr1:54345297:C:T chr1 54345297 54345297 96 81.3938 1.0366 774.84 0.00152925 -0.579259 0.929071 0.931343
OMA1,DAB1 chr1 58332435 58506060 - chr1:58462794:58506060:clu_13206_- 12 4626 -636096 chr1:59142156:A:G chr1 59142156 59142156 96 80.325 1.10369 1550.66 0.00024914 0.57509 0.681319 0.676683
MYSM1 chr1 58675576 58676926 - chr1:58675580:58676926:clu_13210_- 2 4112 -82824 chr1:58759750:A:G chr1 58759750 58759750 96 83.1562 1.04479 538.979 0.00168897 -0.54246 0.83017 0.836724
TM2D1 chr1 61673918 61683417 - chr1:61683546:61686792:clu_13213_- 9 3776 -625535 chr1:62308952:C:T chr1 62308952 62308952 96 81.3 1.10413 1574.44 0.000328218 -0.761082 0.75025 0.743433
USP1 chr1 62436563 62439799 + chr1:62436562:62439799:clu_6444_+ 9 4143 -183004 chr1:62253559:G:A chr1 62253559 62253559 96 79.4812 1.12315 1838.09 9.81842e-06 -0.622461 0.0759241 0.0723379
ATG4C chr1 62834853 62835386 + chr1:62841547:62863992:clu_6447_+ 5 4217 159595 chr1:62994981:A:T chr1 62994981 62994981 96 84.1875 1.06088 1496.09 0.000145021 -0.594387 0.401598 0.400583
ITGB3BP chr1 63441104 63441209 - chr1:63453811:63453918:clu_13218_- 20 4228 675007 chr1:62766097:A:G chr1 62766097 62766097 96 85.65 1.0333 4449.5 0.000134369 1.01566 0.74026 0.73853
JAK1 chr1 64867077 64869311 - chr1:64869474:64873370:clu_13226_- 10 4203 -418246 chr1:65287557:G:A chr1 65287557 65287557 96 89.9813 1.01508 3083.12 2.88456e-05 0.705881 0.148851 0.141938
PDE4B chr1 66332621 66332751 + chr1:66332620:66355527:clu_6453_+ 3 4493 21440 chr1:66354191:T:C chr1 66354191 66354191 96 78.1125 1.09898 455.842 1.3045e-06 -0.669604 0.003996 0.00336003
MIER1 chr1 66925096 66926142 + chr1:66926242:66940028:clu_6455_+ 25 4354 -613189 chr1:66311907:A:T chr1 66311907 66311907 96 84.7687 1.1186 6038.94 1.28488e-05 0.629369 0.178821 0.177504
SERBP1 chr1 67415340 67416961 - chr1:67424977:67425083:clu_13234_- 8 4510 -378134 chr1:67795095:T:C chr1 67795095 67795095 96 84.3562 1.01539 2044.64 0.000477261 0.514156 0.885115 0.883323
SRSF11 chr1 70205781 70216294 + chr1:70215197:70216294:clu_6463_+ 21 3981 -668676 chr1:69537105:A:G chr1 69537105 69537105 96 84.9 1.06105 4524.35 0.000402906 -0.557718 0.976024 0.978833
HHLA3 chr1 70366538 70366933 + chr1:70366984:70367617:clu_6470_+ 3 3848 157586 chr1:70524519:C:A chr1 70524519 70524519 96 77.175 1.09557 399.103 6.34622e-05 -1.28889 0.0849151 0.0997069
ZRANB2 chr1 71065138 71065678 - chr1:71069362:71070827:clu_13246_- 12 3253 498607 chr1:70566531:C:T chr1 70566531 70566531 96 83.4938 1.04728 1841.78 0.000125266 0.877884 0.45954 0.451787
TYW3 chr1 74736623 74736787 + chr1:74748822:74752292:clu_6473_+ 13 3466 -844944 chr1:73891679:C:T chr1 73891679 73891679 96 82.4062 1.08187 1272.92 0.00132065 -0.474378 0.968032 0.972057
ACADM chr1 75724818 75728401 + chr1:75724817:75732644:clu_6476_+ 9 4312 679835 chr1:76408236:C:A chr1 76408236 76408236 96 84.1875 1.08047 1708.2 4.77719e-06 1.29917 0.020979 0.0227232
RABGGTB chr1 75794234 75794510 + chr1:75794233:75794510:clu_6481_+ 2 4315 -69351 chr1:75724883:C:T chr1 75724883 75724883 96 81.6375 1.09567 413.829 0.0013799 0.607584 0.718282 0.69919
AK5 chr1 77411072 77415643 + chr1:77521943:77535847:clu_6489_+ 19 3539 -961090 chr1:76449982:A:G chr1 76449982 76449982 96 86.6813 1.0496 4639.71 0.000144409 0.577021 0.739261 0.741217
AC118549.1 chr1 77584656 77631835 - chr1:77584655:77641384:clu_13256_- 9 3550 277842 chr1:77306814:C:T chr1 77306814 77306814 96 82.6312 1.05832 1342.36 0.000118489 0.566483 0.371628 0.353411
USP33 chr1 77713282 77714003 - chr1:77713281:77714614:clu_13260_- 12 3396 689430 chr1:77023852:G:A chr1 77023852 77023852 96 75.8625 1.11959 1247.35 0.000107877 -0.602027 0.47952 0.460452
MIGA1 chr1 77779737 77783238 + chr1:77779736:77783243:clu_6494_+ 5 3464 -518442 chr1:77261295:A:G chr1 77261295 77261295 96 81.4125 1.05379 856.86 0.000103413 -0.715962 0.242757 0.237505
FUBP1 chr1 77944270 77945506 - chr1:77948774:77949155:clu_13269_- 10 3719 -653861 chr1:78599367:G:A chr1 78599367 78599367 96 81.7125 1.08651 1579.79 0.000144833 0.856503 0.47952 0.474481
IFI44 chr1 78659484 78660554 + chr1:78660654:78662704:clu_6501_+ 6 3825 -157344 chr1:78502140:G:A chr1 78502140 78502140 96 75.0375 1.13568 556.638 0.000605668 -0.674601 0.714286 0.696652
PRKACB chr1 84182329 84184037 + chr1:84197824:84202765:clu_6506_+ 11 3835 -514845 chr1:83667484:C:A chr1 83667484 83667484 96 84.675 1.01034 2589.58 4.23593e-05 0.984929 0.256743 0.264664
RPF1 chr1 84495456 84495882 + chr1:84496072:84496244:clu_6507_+ 6 4040 979962 chr1:85475844:T:C chr1 85475844 85475844 96 76.875 1.13125 862.753 2.31981e-05 0.603891 0.0859141 0.0895379
GNG5,AL359762.3,CTBS chr1 84498549 84501826 - chr1:84555199:84563245:clu_13276_- 6 4051 -613927 chr1:85115753:G:A chr1 85115753 85115753 96 87.1313 1.0413 2009.42 8.31868e-08 1.07147 0.001998 0.000481993
C1orf52 chr1 85258723 85258935 - chr1:85259061:85259358:clu_13281_- 3 4410 -8756 chr1:85267691:C:T chr1 85267691 85267691 96 85.2563 1.02765 870.101 0.000145735 -1.11137 0.251748 0.247977
ODF2L chr1 86348879 86352859 - chr1:86383196:86384676:clu_13284_- 14 4254 787979 chr1:85560900:G:T chr1 85560900 85560900 96 78.0938 1.08849 1387.87 0.000128289 -0.635165 0.508492 0.496779
SH3GLB1 chr1 86704972 86709851 + chr1:86742436:86743128:clu_6512_+ 12 4202 985528 chr1:87695379:C:A chr1 87695379 87695379 96 84.0562 1.04406 2331.18 0.00014913 0.939656 0.584416 0.576461
SELENOF chr1 86858789 86868053 - chr1:86858788:86868053:clu_13289_- 11 4195 880461 chr1:85978328:C:T chr1 85978328 85978328 96 83.85 1.05316 1849.06 0.000171642 1.21669 0.556444 0.538419
PKN2 chr1 88684629 88687106 + chr1:88687162:88740988:clu_6513_+ 11 3056 320835 chr1:89007941:G:A chr1 89007941 89007941 96 76.6875 1.0699 691.136 0.000764669 0.547131 0.821179 0.822179
GTF2B chr1 88864115 88887261 - chr1:88881987:88887261:clu_13291_- 3 3014 -910779 chr1:89798040:G:C chr1 89798040 89798040 96 84.4687 0.978852 488.292 0.00105082 -0.69661 0.65035 0.654786
GBP3,GBP1 chr1 89009141 89009392 - chr1:89009140:89055113:clu_13297_- 8 2938 -664010 chr1:89673402:A:G chr1 89673402 89673402 96 80.9625 1.07224 755.575 0.000627263 0.605456 0.701299 0.695985
GBP3 chr1 89014269 89014547 - chr1:89014268:89014547:clu_13299_- 3 2933 -917167 chr1:89931714:G:A chr1 89931714 89931714 96 82.0875 1.09804 412.629 0.00010537 1.08367 0.0959041 0.102321
GBP1 chr1 89059427 89060171 - chr1:89059426:89060171:clu_13301_- 2 2831 51935 chr1:89007492:T:C chr1 89007492 89007492 96 83.625 1.01684 321.785 0.000127844 0.631625 0.105894 0.102414
GBP2 chr1 89107053 89109677 - chr1:89110266:89112472:clu_13303_- 4 2914 503713 chr1:88603340:C:T chr1 88603340 88603340 96 85.3313 0.973991 671.292 0.000359155 0.547111 0.436563 0.416804
GBP5 chr1 89260818 89262072 - chr1:89260817:89263736:clu_13306_- 4 2981 -200413 chr1:89462485:C:T chr1 89462485 89462485 96 81.5812 1.05713 485.859 0.000753409 0.501937 0.584416 0.578693
ZNF326 chr1 90005093 90007634 + chr1:90007750:90010088:clu_6525_+ 18 3116 630036 chr1:90637670:G:A chr1 90637670 90637670 96 90.6563 0.984409 4259.53 4.50984e-05 -0.582699 0.27972 0.276591
ZNF644 chr1 90938091 90938272 - chr1:91021201:91021689:clu_13314_- 9 4134 -731791 chr1:91670063:G:A chr1 91670063 91670063 96 81.3188 1.03223 1759.63 1.78092e-05 -0.612575 0.121878 0.12007
GLMN chr1 92297530 92297961 - chr1:92297613:92297961:clu_13319_- 2 3708 218395 chr1:92079135:A:G chr1 92079135 92079135 96 85.425 1.00598 393.365 0.00169471 0.540504 0.7003 0.699857
RPAP2 chr1 92304350 92307188 + chr1:92304349:92307188:clu_6531_+ 15 3707 -752973 chr1:91551377:C:T chr1 91551377 91551377 96 82.575 0.990877 1898.47 0.000142705 -0.562902 0.553447 0.55545
RPL5 chr1 92834914 92836190 + chr1:92837633:92840551:clu_6534_+ 2 3273 -849119 chr1:91985795:C:T chr1 91985795 91985795 96 77.85 1.04208 114.631 0.00284385 -1.02646 0.553447 0.545822
MTF2 chr1 93115089 93115470 + chr1:93120672:93127232:clu_6537_+ 12 3287 779932 chr1:93895402:T:A chr1 93895402 93895402 96 84 1.03702 1418.44 0.000423963 -0.970359 0.746254 0.738796
TMED5 chr1 93156484 93158815 - chr1:93156483:93158815:clu_13324_- 3 3357 317769 chr1:92838715:T:C chr1 92838715 92838715 96 80.7937 1.0309 322.654 0.000825751 -0.479426 0.504496 0.488654
CCDC18 chr1 93193745 93200685 + chr1:93193744:93201892:clu_6539_+ 3 3363 74088 chr1:93274773:G:A chr1 93274773 93274773 96 86.5313 1.02895 391.752 0.00395423 0.757193 0.903097 0.909194
CCDC18-AS1 chr1 93264773 93269683 - chr1:93318228:93324635:clu_13325_- 56 3369 -822118 chr1:94091801:C:T chr1 94091801 94091801 96 75.6938 1.15873 2298.77 7.36115e-05 -0.604728 0.568432 0.564597
DR1 chr1 93354072 93355116 + chr1:93354071:93355732:clu_6546_+ 3 3382 715017 chr1:94070133:A:C chr1 94070133 94070133 96 80.9437 1.0051 320.485 0.00210224 0.805662 0.774226 0.781944
DNTTIP2 chr1 93873215 93873331 - chr1:93873214:93875645:clu_13328_- 3 3735 -773842 chr1:94647173:A:G chr1 94647173 94647173 96 80.6813 0.987356 484.619 0.000277897 0.545184 0.346653 0.34892
ABCD3 chr1 94475738 94478259 + chr1:94478315:94478524:clu_6549_+ 4 4067 -933373 chr1:93542365:C:A chr1 93542365 93542365 96 83.9812 1.01752 946.759 0.000120158 0.503153 0.248751 0.256183
RWDD3,TLCD4-RWDD3 chr1 95234316 95246542 + chr1:95246657:95246756:clu_6551_+ 7 4095 -69702 chr1:95164614:A:G chr1 95164614 95164614 96 84.0375 1.01823 1645.39 0.000102567 0.603473 0.374625 0.360527
chr1:clu_13333_- chr1 96448379 96448443 - chr1:96448378:96448443:clu_13333_- 2 3968 662043 chr1:95786336:G:A chr1 95786336 95786336 96 82.0687 1.0147 394.167 2.43165e-05 -0.604971 0.033966 0.0350774
DPYD chr1 97450224 97459965 - chr1:97515941:97549560:clu_13339_- 4 3312 914823 chr1:96535401:T:G chr1 96535401 96535401 96 79.2937 1.07844 604.035 0.000319182 -0.552923 0.458541 0.441359
AGL chr1 99851125 99852561 + chr1:99851124:99864386:clu_6554_+ 7 3488 -177537 chr1:99673588:T:G chr1 99673588 99673588 96 80.625 1.03078 632.353 0.000867155 0.48444 0.744256 0.754222
SASS6 chr1 100121550 100122380 - chr1:100122484:100125882:clu_13344_- 6 3048 -975716 chr1:101098096:C:T chr1 101098096 101098096 96 79.1812 1.10085 560.29 0.000450635 0.606054 0.532468 0.509972
TRMT13 chr1 100140515 100140852 + chr1:100144143:100148625:clu_6560_+ 8 3030 -468964 chr1:99671551:G:A chr1 99671551 99671551 96 82.1625 1.09137 951.93 8.29295e-05 -1.09858 0.183816 0.193184
DPH5 chr1 100938684 101013710 - chr1:100938683:101013710:clu_13347_- 6 3768 -28572 chr1:101042282:A:T chr1 101042282 101042282 96 84.6187 0.999143 832.635 0.000877482 0.498373 0.771229 0.775792
AC093157.1 chr1 101026062 101072660 + chr1:101026061:101072660:clu_6567_+ 8 3785 855628 chr1:101928288:G:A chr1 101928288 101928288 96 79.7625 1.05558 1019.49 8.07828e-05 -0.524975 0.264735 0.26048
AL109741.1 chr1 101235882 101236325 - chr1:101235881:101236564:clu_13350_- 2 4042 900938 chr1:100334944:G:A chr1 100334944 100334944 96 80.625 1.09867 391.714 5.43714e-05 0.537501 0.0599401 0.0613606
S1PR1 chr1 101236992 101238822 + chr1:101236991:101242028:clu_6568_+ 12 4046 20573 chr1:101259395:C:T chr1 101259395 101259395 96 81.3563 1.11608 1805.2 0.000225027 -0.820967 0.688312 0.666869
RNPC3 chr1 103525824 103526067 + chr1:103525823:103526067:clu_6569_+ 9 3943 427301 chr1:103953368:T:C chr1 103953368 103953368 96 81.5625 1.06894 1164.7 0.000106433 0.555389 0.303696 0.307854
PRPF38B chr1 108696338 108697810 + chr1:108697861:108697947:clu_6577_+ 11 3724 -939981 chr1:107756357:T:A chr1 107756357 107756357 96 83.0438 1.03937 1708.52 3.62444e-05 1.01401 0.184815 0.175009
SARS chr1 109214129 109214547 + chr1:109214128:109223978:clu_6586_+ 5 3239 25093 chr1:109239640:T:C chr1 109239640 109239640 96 85.6313 1.06067 1231.4 5.66404e-05 0.649058 0.147852 0.141867
PSMA5 chr1 109402087 109409928 - chr1:109402090:109402313:clu_13357_- 6 3494 -851205 chr1:110261133:G:A chr1 110261133 110261133 96 88.65 0.952518 1712.53 0.000835184 0.515665 0.902098 0.905626
ATXN7L2 chr1 109491718 109492027 + chr1:109492104:109492586:clu_6588_+ 3 3623 317056 chr1:109809083:G:A chr1 109809083 109809083 96 81.6562 1.01566 602.076 6.45161e-06 -0.773422 0.013986 0.0178349
CYB561D1 chr1 109494155 109494520 + chr1:109494154:109494520:clu_6589_+ 3 3629 264118 chr1:109758638:C:T chr1 109758638 109758638 96 85.125 0.990168 808.309 0.00113827 -0.586798 0.833167 0.83272
RBM15-AS1 chr1 110292508 110292703 - chr1:110292507:110313320:clu_13358_- 12 3934 368664 chr1:109923844:T:C chr1 109923844 109923844 96 78.6187 1.10635 1710.61 8.52999e-05 -0.615956 0.438561 0.427761
RBM15 chr1 110340003 110346308 + chr1:110342268:110346308:clu_6593_+ 3 4110 -310644 chr1:110029359:G:T chr1 110029359 110029359 96 84.8625 1.06566 899.629 0.000666894 -0.641769 0.699301 0.687088
LAMTOR5 chr1 110401584 110403919 - chr1:110401583:110403919:clu_13359_- 3 4190 -808113 chr1:111212032:G:A chr1 111212032 111212032 96 87.6937 0.962374 944.426 0.000486448 -0.669064 0.565435 0.573635
LRIF1 chr1 110950124 110951288 - chr1:110950123:110963621:clu_13363_- 4 4609 507 chr1:110949617:A:G chr1 110949617 110949617 96 83.6625 1.04667 893.838 0.000100579 -0.939515 0.213786 0.205591
DRAM2 chr1 111124882 111126227 - chr1:111124881:111126227:clu_13365_- 2 4821 -44823 chr1:111171050:A:G chr1 111171050 111171050 96 85.9875 1.01838 795.917 0.000282193 -0.777714 0.373626 0.366663
DENND2D chr1 111188371 111188702 - chr1:111194726:111195916:clu_13372_- 6 4892 -644001 chr1:111832703:T:C chr1 111832703 111832703 96 79.725 1.07318 1368.2 0.000123667 0.757192 0.434565 0.440526
CHI3L2 chr1 111241444 111242227 + chr1:111242366:111243217:clu_6600_+ 3 4957 339367 chr1:111581594:T:A chr1 111581594 111581594 96 81.7875 1.06299 807.409 5.71565e-05 1.15673 0.12987 0.132136
AL390195.1 chr1 111438826 111440692 - chr1:111438825:111441138:clu_13375_- 4 4833 -791023 chr1:112231715:C:T chr1 112231715 112231715 96 81.4875 1.05758 1121.8 6.66551e-05 0.961457 0.205794 0.212766
C1orf162 chr1 111476868 111477334 + chr1:111477078:111477334:clu_6602_+ 9 4781 593072 chr1:112070406:A:G chr1 112070406 112070406 96 85.2938 1.01515 2162.36 0.000354422 -0.470978 0.803197 0.803852
RAP1A chr1 111697498 111701015 + chr1:111699607:111703336:clu_6604_+ 7 4638 159097 chr1:111860112:A:C chr1 111860112 111860112 96 79.425 1.08731 1421.99 8.12527e-05 -0.530379 0.345654 0.342736
ST7L chr1 112526112 112526886 - chr1:112556018:112576986:clu_13378_- 11 3813 612196 chr1:111913916:A:G chr1 111913916 111913916 96 77.2687 1.18599 1591.47 9.41757e-06 -0.608663 0.0679321 0.0650946
chr1:clu_13379_- chr1 112657133 112662631 - chr1:112661088:112665411:clu_13379_- 5 3761 698823 chr1:111958310:T:C chr1 111958310 111958310 96 81.5437 1.03546 828.287 0.000165069 0.814728 0.335664 0.333058
MOV10 chr1 112700311 112700416 + chr1:112700340:112700416:clu_6614_+ 2 3688 -968325 chr1:111731986:T:C chr1 111731986 111731986 96 79.8562 1.07304 431.118 0.000381447 0.561346 0.378621 0.369765
SLC16A1-AS1 chr1 112956922 112960477 + chr1:112960575:112998943:clu_6617_+ 11 3441 -808085 chr1:112148837:G:T chr1 112148837 112148837 96 83.9437 1.00463 1571.67 0.00026942 -0.572838 0.648352 0.64417
RSBN1 chr1 113798037 113811710 - chr1:113807733:113811710:clu_13386_- 2 3213 -436079 chr1:114247789:G:A chr1 114247789 114247789 96 78.4312 1.16197 377.779 0.00197878 -0.792227 0.816184 0.822022
PTPN22 chr1 113859079 113859352 - chr1:113859078:113871537:clu_13389_- 5 3168 -386970 chr1:114246322:T:G chr1 114246322 114246322 96 77.7562 1.05796 651.03 0.000145386 0.766284 0.311688 0.311241
TRIM33 chr1 114397861 114397940 - chr1:114397860:114399457:clu_13391_- 3 3510 259627 chr1:114138234:T:C chr1 114138234 114138234 96 78.6 1.04191 478.091 8.84406e-05 0.722265 0.170829 0.15625
BCAS2 chr1 114570751 114575590 - chr1:114576758:114581299:clu_13395_- 5 3621 175501 chr1:114395250:C:A chr1 114395250 114395250 96 81.8812 0.99374 1062.11 0.00011022 1.05046 0.304695 0.318878
CSDE1 chr1 114718746 114719579 - chr1:114718745:114720539:clu_13397_- 6 3829 -879889 chr1:115599468:G:A chr1 115599468 115599468 96 86.6063 1.03551 1713.47 7.04594e-05 0.637874 0.235764 0.225643
SIKE1 chr1 114774373 114776346 - chr1:114774372:114776346:clu_13399_- 13 3984 662643 chr1:114111730:A:T chr1 114111730 114111730 96 87.1688 1.0883 4407.62 7.36244e-05 0.60876 0.46953 0.462138
CD58 chr1 116514823 116519231 - chr1:116519302:116521906:clu_13404_- 4 3355 -475715 chr1:116994946:C:T chr1 116994946 116994946 96 83.9812 1.05838 779.419 0.000157635 0.559513 0.254745 0.248805
CD2 chr1 116754554 116754631 + chr1:116754553:116754646:clu_6627_+ 11 3152 -509999 chr1:116244555:G:A chr1 116244555 116244555 96 84.3375 1.07226 2373.64 0.000110327 0.956644 0.471528 0.464831
TTF2 chr1 117062474 117073661 + chr1:117076823:117077895:clu_6632_+ 5 2969 -129921 chr1:116932553:G:A chr1 116932553 116932553 96 85.1063 1.10541 1152.28 8.82974e-05 0.775886 0.200799 0.186745
MAN1A2 chr1 117368486 117402186 + chr1:117368485:117402186:clu_6634_+ 6 3030 -241495 chr1:117126991:C:T chr1 117126991 117126991 96 87.7125 1.00205 1198.82 0.000233106 0.831437 0.408591 0.406634
WARS2-AS1 chr1 119140794 119141747 + chr1:119146836:119146953:clu_6636_+ 7 3591 512552 chr1:119654299:C:G chr1 119654299 119654299 96 79.875 1.09106 935.881 8.82939e-05 -0.541174 0.234765 0.241085
chr1:clu_6642_+ chr1 120844470 120845235 + chr1:120845211:120850119:clu_6642_+ 4 350 643757 chr1:121488992:A:G chr1 121488992 121488992 96 79.6687 0.994579 42.492 0.00231744 0.428649 0.207792 0.212614
LINC00623 chr1 120952574 120953220 + chr1:120952573:120953223:clu_6645_+ 6 240 569061 chr1:121522281:A:G chr1 121522281 121522281 96 78.7125 1.04692 37.3308 0.0010854 0.451554 0.0839161 0.0970549
RNF115 chr1 145788967 145793835 - chr1:145794196:145823772:clu_13427_- 7 268 -78953 chr1:145872788:G:C chr1 145872788 145872788 96 81.8062 0.997839 64.5314 0.0345444 -0.304909 0.966034 0.96636
POLR3C chr1 145833583 145836494 + chr1:145839991:145840116:clu_6653_+ 12 268 177834 chr1:146014328:A:G chr1 146014328 146014328 96 81.975 1.02805 95.9942 0.0441011 -0.56633 0.998002 0.997915
PEX11B chr1 145915797 145916596 - chr1:145915796:145916596:clu_13430_- 4 279 207458 chr1:145708339:C:T chr1 145708339 145708339 96 77.8875 1.02458 41.1973 0.00697429 0.395799 0.460539 0.45497
RBM8A chr1 145925926 145926041 - chr1:145925927:145926051:clu_13433_- 5 280 24164 chr1:145901762:A:G chr1 145901762 145901762 96 82.0125 1.01948 72.1262 0.0175398 0.347459 0.862138 0.868945
POLR3GL,AC243547.3 chr1 145964769 145974825 + chr1:145975436:145977084:clu_6654_+ 8 286 -65775 chr1:145898994:C:T chr1 145898994 145898994 96 86.4375 1.0255 161.101 0.00198243 0.588465 0.40959 0.404926
PRKAB2 chr1 147159643 147160349 - chr1:147159642:147160797:clu_13439_- 4 2102 -331821 chr1:147492170:C:T chr1 147492170 147492170 96 78.825 1.04209 269.558 0.00118856 -0.78154 0.573427 0.573912
ACP6 chr1 147647561 147648246 - chr1:147647560:147648246:clu_13440_- 3 2243 30044 chr1:147617517:T:C chr1 147617517 147617517 96 77.5312 1.07859 210.332 0.00190474 0.421889 0.653347 0.640907
chr1:clu_6662_+ chr1 148402666 148420372 + chr1:148409176:148420372:clu_6662_+ 3 1224 -16614 chr1:148386052:C:T chr1 148386052 148386052 96 76.6688 1.06798 140.131 0.00123746 -0.63513 0.393606 0.390553
chr1:clu_6663_+ chr1 148420608 148420820 + chr1:148424156:148424627:clu_6663_+ 7 1175 -41823 chr1:148378785:G:A chr1 148378785 148378785 96 78.9 1.07756 354.549 0.000735031 0.755591 0.519481 0.509291
AC245297.3 chr1 149176251 149177158 + chr1:149177212:149250565:clu_6666_+ 10 499 849381 chr1:150026539:A:G chr1 150026539 150026539 96 81.7687 1.04349 124.743 0.000323166 -0.603123 0.0989011 0.0956244
AC242842.1 chr1 149558624 149559389 + chr1:149646733:149647381:clu_6668_+ 19 1188 557448 chr1:150116837:G:T chr1 150116837 150116837 96 73.6125 1.06343 227.289 0.00679914 0.582328 0.979021 0.981028
chr1:clu_13446_- chr1 149607626 149607771 - chr1:149607684:149607771:clu_13446_- 3 1244 -290027 chr1:149897798:A:G chr1 149897798 149897798 96 79.0875 1.05748 90.4753 0.00147744 -0.997331 0.284715 0.273931
PLEKHO1 chr1 150149787 150150912 + chr1:150149786:150150912:clu_6671_+ 2 1953 424550 chr1:150575462:G:A chr1 150575462 150575462 96 78.2625 1.04616 100.773 0.00129563 1.00858 0.300699 0.290533
ANP32E chr1 150220759 150223186 - chr1:150230693:150231777:clu_13451_- 11 2001 -86118 chr1:150309304:T:C chr1 150309304 150309304 96 78.9563 1.10085 527.967 0.000177162 -0.949266 0.257742 0.256772
chr1:clu_13449_- chr1 150223994 150408403 - chr1:150223993:150460652:clu_13449_- 2 2176 46923 chr1:150177071:C:T chr1 150177071 150177071 96 72.2062 1.06781 76.1317 0.00272086 -0.642201 0.488511 0.480415
C1orf54 chr1 150272864 150274087 + chr1:150274170:150275741:clu_6672_+ 11 2058 752353 chr1:151026440:G:A chr1 151026440 151026440 96 80.4938 1.04007 524.932 0.0016928 0.463212 0.877123 0.873907
MRPS21 chr1 150293899 150294335 + chr1:150294449:150302452:clu_6674_+ 7 2073 245521 chr1:150539856:A:C chr1 150539856 150539856 96 82.2187 1.0327 450.998 0.000129817 0.559555 0.150849 0.153753
PRPF3 chr1 150340478 150342030 + chr1:150342198:150343309:clu_6678_+ 5 2108 -313939 chr1:150026539:A:G chr1 150026539 150026539 96 74.1937 1.05836 214.508 0.00190455 -0.525149 0.726274 0.726508
MCL1 chr1 150574500 150577368 - chr1:150577491:150578244:clu_13455_- 6 2373 97275 chr1:150477225:T:C chr1 150477225 150477225 96 75.5625 1.06785 257.029 0.000427276 1.00087 0.34965 0.337086
CTSS chr1 150747880 150748165 - chr1:150747879:150748165:clu_13457_- 4 2586 479050 chr1:150268830:G:T chr1 150268830 150268830 96 70.125 1.10242 157.08 0.00206733 0.658437 0.713287 0.703249
CDC42SE1 chr1 151055994 151056651 - chr1:151055993:151056656:clu_13461_- 5 2959 -747087 chr1:151803738:A:G chr1 151803738 151803738 96 76.875 1.13822 424.17 0.000580817 -0.458508 0.534466 0.52713
GABPB2 chr1 151098003 151103562 + chr1:151098002:151103562:clu_6689_+ 3 2952 -221376 chr1:150876627:C:A chr1 150876627 150876627 96 78.7125 1.03037 254.449 0.000470979 1.05063 0.313686 0.312577
SCNM1 chr1 151167415 151168144 + chr1:151168338:151168986:clu_6690_+ 6 2910 -803423 chr1:150363992:G:T chr1 150363992 150363992 96 74.4 1.08034 406.894 0.000323876 -0.583222 0.441558 0.432397
TMOD4,VPS72 chr1 151170104 151170519 - chr1:151170103:151171633:clu_13463_- 10 2916 -179013 chr1:151349532:C:G chr1 151349532 151349532 96 84.8625 1.01593 933.654 0.000475161 0.792169 0.61039 0.608149
PSMD4 chr1 151266113 151266308 + chr1:151266112:151266308:clu_6692_+ 2 3023 987599 chr1:152253907:A:T chr1 152253907 152253907 96 86.3063 1.02352 345.53 0.000114151 -0.750057 0.0739261 0.0787857
PSMB4 chr1 151399728 151399981 + chr1:151399727:151399981:clu_6695_+ 7 2950 431432 chr1:151831413:G:A chr1 151831413 151831413 96 84.9 1.0052 912.099 0.000143765 -1.06394 0.281718 0.272159
SNX27 chr1 151693040 151693424 + chr1:151693483:151693593:clu_6699_+ 4 2976 117424 chr1:151810848:T:G chr1 151810848 151810848 96 85.575 0.970532 411.272 0.00231235 0.707142 0.809191 0.818362
MRPL9 chr1 151762501 151762950 - chr1:151763146:151763327:clu_13471_- 5 3013 269775 chr1:151492726:T:C chr1 151492726 151492726 96 76.8937 1.13236 496.758 0.000357761 -0.667638 0.450549 0.442153
THEM4 chr1 151889374 151889983 - chr1:151889373:151889983:clu_13473_- 8 3020 -921101 chr1:152811084:A:G chr1 152811084 152811084 96 86.1 1.02637 1149.8 0.000400617 0.57371 0.602398 0.591913
S100A8 chr1 153390558 153391041 - chr1:153390571:153391041:clu_13475_- 3 3410 921739 chr1:152468819:G:A chr1 152468819 152468819 96 80.3625 1.00287 341.775 0.000676871 0.524546 0.490509 0.473483
S100A6 chr1 153534831 153535202 - chr1:153535360:153535949:clu_13476_- 2 3426 178682 chr1:153356149:C:G chr1 153356149 153356149 96 77.0625 1.13079 201.709 0.000499909 0.660489 0.254745 0.252236
S100A4 chr1 153543924 153544654 - chr1:153543923:153544654:clu_13477_- 2 3427 541231 chr1:153002693:G:A chr1 153002693 153002693 96 81.1125 1.00886 161.898 0.000232148 0.779451 0.110889 0.107452
S100A13 chr1 153619039 153625304 - chr1:153619038:153625304:clu_13478_- 2 3430 303271 chr1:153315768:C:T chr1 153315768 153315768 96 82.9875 0.999482 292.435 0.000616607 0.493114 0.370629 0.348075
CHTOP chr1 153638449 153642243 + chr1:153638448:153642243:clu_6703_+ 9 3365 -991282 chr1:152647167:T:C chr1 152647167 152647167 96 78.4687 1.03438 702.742 0.00079832 -0.793573 0.808192 0.811585
ILF2 chr1 153662796 153663019 - chr1:153662795:153663215:clu_13479_- 3 3324 -119956 chr1:153782975:C:A chr1 153782975 153782975 96 78.4687 1.04585 313.641 0.000964765 0.46829 0.567433 0.572204
chr1:clu_13481_- chr1 153924155 153955174 - chr1:153924154:153991606:clu_13481_- 6 3459 787242 chr1:153136913:A:C chr1 153136913 153136913 96 87.75 0.998497 1347.12 0.000301181 0.546602 0.532468 0.524775
JTB,AL358472.6 chr1 153975906 153976693 - chr1:153975905:153976693:clu_13486_- 3 3370 738200 chr1:153237706:A:G chr1 153237706 153237706 96 82.05 1.06013 504.996 0.000847253 0.486039 0.609391 0.618949
RPS27 chr1 153990803 153991115 + chr1:153990802:153991115:clu_6707_+ 2 3336 -680800 chr1:153310003:A:G chr1 153310003 153310003 96 80.2687 1.06512 254.42 0.000308777 1.22794 0.1998 0.194447
chr1:clu_13487_- chr1 153992153 154027075 - chr1:153992152:154027075:clu_13487_- 3 3354 602483 chr1:153389670:T:C chr1 153389670 153389670 96 87.6375 0.99825 719.667 6.86901e-05 -0.837961 0.103896 0.0984202
TPM3 chr1 154157722 154169305 - chr1:154159048:154170400:clu_13489_- 15 3092 856939 chr1:153300783:G:C chr1 153300783 153300783 96 84.525 1.03491 2763.25 0.000156961 0.561532 0.659341 0.647051
UBAP2L chr1 154220976 154225084 + chr1:154225213:154227282:clu_6712_+ 4 3031 182926 chr1:154408010:A:G chr1 154408010 154408010 96 80.7 1.04921 485.611 0.000258961 -0.513915 0.304695 0.304051
FLAD1 chr1 154984067 154987466 + chr1:154984066:154987466:clu_6721_+ 9 2290 -411892 chr1:154572175:G:T chr1 154572175 154572175 96 82.2 1.05206 1033.87 0.000211821 -0.885803 0.456543 0.443668
DPM3 chr1 155140136 155140491 - chr1:155140135:155140491:clu_13500_- 3 2269 363565 chr1:154776571:T:C chr1 154776571 154776571 96 80.6438 1.04784 402.139 0.00130551 0.471518 0.713287 0.710216
KRTCAP2,AL713999.1 chr1 155169858 155172351 - chr1:155169857:155172351:clu_13498_- 2 2254 106723 chr1:155063135:C:T chr1 155063135 155063135 96 76.275 1.11577 236.511 0.00605497 0.383705 0.957043 0.960243
SCAMP3 chr1 155256420 155256674 - chr1:155256419:155258826:clu_13501_- 3 2296 231222 chr1:155025198:T:A chr1 155025198 155025198 96 83.6812 1.03402 488.433 0.000162363 -0.559366 0.191808 0.177486
FDPS chr1 155319689 155319794 + chr1:155319688:155319857:clu_6726_+ 4 2317 -539167 chr1:154780522:G:A chr1 154780522 154780522 96 78.6 1.1143 556.558 4.12308e-05 -1.05417 0.0709291 0.0811381
ASH1L chr1 155521619 155528482 - chr1:155521618:155562153:clu_13506_- 6 2140 360296 chr1:155161323:A:G chr1 155161323 155161323 96 80.5313 1.09254 759.603 0.000780207 0.502554 0.785215 0.769447
DAP3 chr1 155709825 155717006 + chr1:155732033:155736946:clu_6732_+ 22 1997 -989297 chr1:154720528:T:C chr1 154720528 154720528 96 86.5125 1.01671 3448.29 1.94017e-05 -1.00973 0.155844 0.153601
GON4L chr1 155822477 155826837 - chr1:155828319:155853276:clu_13511_- 16 1922 804656 chr1:155017821:C:G chr1 155017821 155017821 96 83.325 1.07482 2085.69 3.5338e-05 0.563253 0.194805 0.187994
SSR2 chr1 156011888 156014961 - chr1:156015069:156018270:clu_13520_- 5 1994 313617 chr1:155698271:G:A chr1 155698271 155698271 96 78.9188 1.04068 494.649 0.000281378 0.569604 0.36963 0.370201
LAMTOR2 chr1 156055426 156057978 + chr1:156055425:156057978:clu_6733_+ 5 2014 -878184 chr1:155177242:G:A chr1 155177242 155177242 96 81.225 1.10066 637.787 7.4408e-06 0.703041 0.010989 0.0157044
PMF1,PMF1-BGLAP,BGLAP chr1 156236484 156239548 + chr1:156236483:156242553:clu_6735_+ 2 2334 672921 chr1:156912469:C:T chr1 156912469 156912469 96 78.4875 1.05012 160.552 0.00673329 0.755825 0.875125 0.892825
PMF1-BGLAP,BGLAP chr1 156242791 156243033 + chr1:156242790:156243033:clu_6736_+ 2 2336 536975 chr1:156780008:A:T chr1 156780008 156780008 96 82.4625 1.03028 280.032 0.000337195 0.957795 0.207792 0.209845
CCT3 chr1 156325090 156333216 - chr1:156325089:156333547:clu_13523_- 3 2525 138662 chr1:156186428:T:C chr1 156186428 156186428 96 83.55 0.99922 405.308 0.000329157 -0.600466 0.295704 0.280634
NAXE chr1 156592671 156593408 + chr1:156593555:156593945:clu_6738_+ 7 3076 108269 chr1:156701677:A:G chr1 156701677 156701677 96 83.2875 1.04962 1136.8 0.000217732 0.530235 0.44955 0.456725
GPATCH4 chr1 156596479 156597800 - chr1:156596478:156597800:clu_13524_- 5 3084 -901379 chr1:157499179:A:T chr1 157499179 157499179 96 83.3437 1.13061 1132.62 0.00124255 1.45201 0.943057 0.93599
RRNAD1 chr1 156733521 156736632 + chr1:156735909:156736619:clu_6739_+ 3 3407 708258 chr1:157444890:A:G chr1 157444890 157444890 96 80.1562 1.09097 528.376 0.00107995 -0.669889 0.757243 0.747048
MRPL24 chr1 156737535 156737646 - chr1:156737534:156737646:clu_13525_- 8 3406 -624163 chr1:157361809:T:C chr1 157361809 157361809 96 87.1875 1.02617 1918.91 8.79734e-05 0.645848 0.286713 0.289267
SH2D2A chr1 156806574 156807175 - chr1:156807345:156809661:clu_13527_- 5 3458 -459434 chr1:157266609:T:C chr1 157266609 157266609 96 76.4062 1.08853 480.717 0.000287686 -0.702727 0.405594 0.403219
PYHIN1 chr1 158937176 158938397 + chr1:158937175:158938424:clu_6742_+ 2 4487 988107 chr1:159926504:A:G chr1 159926504 159926504 96 75.8625 1.08251 291.353 0.000495321 0.497084 0.412587 0.398079
IFI16 chr1 159010162 159011030 + chr1:159053626:159054821:clu_6747_+ 11 4489 -234268 chr1:158775894:A:T chr1 158775894 158775894 96 89.2875 1.02424 4182.85 6.77438e-05 -0.931732 0.397602 0.388629
IGSF8 chr1 160091609 160091808 - chr1:160091631:160091808:clu_13532_- 4 3489 469170 chr1:159622439:A:G chr1 159622439 159622439 96 86.4 1.0378 1229.3 0.000755917 0.950246 0.81019 0.810905
DCAF8,AL139011.2 chr1 160240371 160243960 - chr1:160240370:160262449:clu_13535_- 12 3485 326052 chr1:159914319:G:A chr1 159914319 159914319 96 81.8625 1.09495 1900.77 2.16886e-06 0.694429 0.015984 0.0154727
CD48 chr1 160679132 160681202 - chr1:160679131:160684887:clu_13540_- 3 3684 180601 chr1:160498531:C:T chr1 160498531 160498531 96 86.4188 1.07615 973.856 0.000328126 -0.586376 0.447552 0.436133
TSTD1,AL591806.4 chr1 161038076 161038551 - chr1:161038673:161038880:clu_13541_- 4 3880 494410 chr1:160543666:A:G chr1 160543666 160543666 96 84.3 1.03923 1032.59 0.00111905 -0.950147 0.887113 0.897481
ARHGAP30 chr1 161047230 161048522 - chr1:161047229:161049595:clu_13542_- 7 3890 660279 chr1:160386951:C:T chr1 160386951 160386951 96 81.75 1.11487 1721.32 0.000157708 0.956091 0.529471 0.518811
PFDN2 chr1 161100854 161102048 - chr1:161100853:161102048:clu_13545_- 6 3912 708669 chr1:160392185:C:T chr1 160392185 160392185 96 83.6437 1.05824 1347.95 1.50979e-05 -0.640338 0.0599401 0.0586673
UFC1 chr1 161154071 161156950 + chr1:161157693:161158121:clu_6764_+ 8 3939 -433392 chr1:160720679:A:G chr1 160720679 160720679 96 87.0375 1.00698 2451.51 0.000517621 -0.546402 0.901099 0.901812
PPOX chr1 161166935 161167100 + chr1:161166934:161170620:clu_6765_+ 7 3933 111999 chr1:161279099:A:G chr1 161279099 161279099 96 85.5375 1.05311 1530.75 0.000737527 0.952048 0.88012 0.881037
NDUFS2 chr1 161206598 161209193 + chr1:161209313:161209483:clu_6767_+ 4 3993 -711840 chr1:160494758:C:T chr1 160494758 160494758 96 85.3125 1.02441 957.092 7.58691e-05 -0.925926 0.14985 0.159333
DUSP12 chr1 161753262 161756786 + chr1:161756134:161756786:clu_6770_+ 2 4273 -443822 chr1:161309440:G:C chr1 161309440 161309440 96 83.3812 1.04824 579.702 0.000292931 0.540923 0.337662 0.326841
ATF6 chr1 161792156 161802052 + chr1:161792155:161802052:clu_6772_+ 6 4270 -76355 chr1:161715801:T:C chr1 161715801 161715801 96 82.4437 1.04875 1375.05 1.97404e-06 -0.742194 0.00899101 0.0114643
AL592435.1,RGS5 chr1 163306330 163308544 - chr1:163319291:163321622:clu_13550_- 6 4682 29891 chr1:163276439:G:T chr1 163276439 163276439 96 90.6938 0.98691 2564.51 0.000283819 0.534652 0.662338 0.664673
MGST3 chr1 165649965 165651014 + chr1:165654351:165655368:clu_6777_+ 8 4413 498632 chr1:166149646:T:C chr1 166149646 166149646 96 89.025 1.01962 3844.78 1.15014e-05 0.801487 0.0839161 0.0835177
TMCO1 chr1 165768270 165768482 - chr1:165768269:165768682:clu_13552_- 3 4694 -973537 chr1:166742019:G:A chr1 166742019 166742019 96 84.3937 1.01546 941.775 4.02063e-05 0.900251 0.0979021 0.101564
CD247 chr1 167431014 167431148 - chr1:167431013:167431148:clu_13559_- 4 4155 -430889 chr1:167862037:C:T chr1 167862037 167862037 96 84.3375 1.04063 1071.94 0.00105335 0.683595 0.895105 0.892776
MPC2 chr1 167918360 167919979 - chr1:167920090:167920547:clu_13563_- 5 3989 487516 chr1:167430844:G:C chr1 167430844 167430844 96 85.3313 1.06192 1923.98 3.32101e-05 0.869737 0.140859 0.140952
TIPRL chr1 168179182 168179561 + chr1:168184878:168188247:clu_6790_+ 12 4208 581521 chr1:168761082:T:C chr1 168761082 168761082 96 85.35 1.05201 3672.03 0.000109631 0.581528 0.613387 0.601118
NME7 chr1 169132818 169169433 - chr1:169190705:169230718:clu_13566_- 4 5291 -317311 chr1:169486744:A:C chr1 169486744 169486744 96 83.7188 0.998643 916.946 0.00142468 -0.622867 0.935065 0.930841
SELL chr1 169696554 169701377 - chr1:169709241:169710436:clu_13570_- 9 5269 -926215 chr1:170627592:T:G chr1 170627592 170627592 96 90 0.966523 2720.28 0.000882548 0.542032 0.972028 0.971759
KIFAP3 chr1 170046867 170049572 - chr1:170046866:170074436:clu_13574_- 5 5253 556288 chr1:169490579:T:C chr1 169490579 169490579 96 78.0375 1.02582 447.478 0.000498112 -0.627704 0.526474 0.521817
PRRC2C chr1 171485736 171512032 + chr1:171512200:171512995:clu_6800_+ 13 4696 -430920 chr1:171054816:C:T chr1 171054816 171054816 96 87.1875 1.03186 3871.43 2.90757e-05 -1.10385 0.230769 0.218435
VAMP4 chr1 171719222 171728524 - chr1:171728570:171738349:clu_13576_- 8 4615 491329 chr1:171227893:G:A chr1 171227893 171227893 96 83.775 1.03259 1494.43 2.17782e-05 0.576152 0.0909091 0.0953043
SUCO chr1 172533498 172551512 + chr1:172557794:172567899:clu_6807_+ 8 3765 -115948 chr1:172417550:T:C chr1 172417550 172417550 96 86.5125 1.08678 1759.41 0.000264055 -0.717852 0.574426 0.572177
PRDX6 chr1 173486402 173487735 + chr1:173486401:173487735:clu_6809_+ 2 2894 -211960 chr1:173274442:T:C chr1 173274442 173274442 96 76.5563 1.09132 183.028 0.00111318 0.493417 0.441558 0.441804
KLHL20 chr1 173757086 173766146 + chr1:173757085:173766146:clu_6812_+ 2 2934 -424876 chr1:173332210:C:T chr1 173332210 173332210 96 80.7187 1.0667 200.132 0.000556543 -0.65434 0.228771 0.239506
GAS5 chr1 173864076 173864257 - chr1:173865282:173865471:clu_13582_- 7 2942 437 chr1:173863639:A:G chr1 173863639 173863639 96 80.2875 1.06066 545.438 1.81203e-15 -1.71548 0.000999001 4.91506e-11
RABGAP1L chr1 174752355 174811832 + chr1:174811960:174856075:clu_6820_+ 12 3746 639000 chr1:175450832:G:C chr1 175450832 175450832 96 84.2812 1.0502 1266.89 0.000978869 -0.720311 0.913087 0.915346
CACYBP chr1 175000196 175004614 + chr1:175008706:175009923:clu_6823_+ 8 3756 -351056 chr1:174649140:T:G chr1 174649140 174649140 96 78.0938 1.11525 751.201 0.000211267 0.919548 0.42957 0.412991
MRPS14 chr1 175002485 175011673 - chr1:175011751:175014673:clu_13591_- 8 3767 -579211 chr1:175590884:A:G chr1 175590884 175590884 96 81.825 1.04453 627.134 0.000368029 0.869457 0.468531 0.44869
KIAA0040 chr1 175161147 175165387 - chr1:175161146:175166562:clu_13593_- 4 3742 -594260 chr1:175759647:T:C chr1 175759647 175759647 96 81.8437 1.01804 523.914 7.76563e-05 -0.670952 0.116883 0.12424
COP1 chr1 175989480 176027572 - chr1:176021159:176027572:clu_13595_- 2 3866 -962874 chr1:176990446:A:G chr1 176990446 176990446 96 82.9313 1.01556 284.668 1.03647e-05 -1.47642 0.012987 0.0109981
CEP350 chr1 179955143 179986169 + chr1:179955418:179986169:clu_6833_+ 13 4930 575134 chr1:180561303:G:T chr1 180561303 180561303 96 83.7938 1.05803 2159.05 0.000595744 -0.652068 0.935065 0.938774
ACBD6 chr1 180288518 180311801 - chr1:180452393:180492269:clu_13608_- 10 5015 879547 chr1:179408971:T:C chr1 179408971 179408971 96 84.675 1.05776 1873.06 0.000149262 -0.610028 0.475524 0.472766
RNASEL chr1 182581349 182582053 - chr1:182581348:182582053:clu_13613_- 2 3722 53655 chr1:182527694:A:G chr1 182527694 182527694 96 83.1187 1.01938 370.055 0.000133947 0.506563 0.118881 0.125806
DHX9 chr1 182843435 182843534 + chr1:182843434:182843534:clu_6843_+ 2 3689 22095 chr1:182865629:A:G chr1 182865629 182865629 96 79.0688 1.11487 328.55 0.00262793 0.442281 0.849151 0.852712
ARPC5 chr1 183623451 183630461 - chr1:183627594:183630461:clu_13615_- 7 3605 10337 chr1:183613114:A:G chr1 183613114 183613114 96 82.875 1.05101 1090.15 5.36938e-06 -0.63116 0.01998 0.0208046
TSEN15 chr1 184054436 184054728 + chr1:184054863:184095031:clu_6846_+ 11 3562 -17442 chr1:184036994:A:G chr1 184036994 184036994 96 83.5312 1.01529 1126.03 3.2963e-05 0.599697 0.117882 0.110284
IVNS1ABP chr1 185307140 185307489 - chr1:185307139:185308800:clu_13622_- 4 2849 658259 chr1:184648881:C:T chr1 184648881 184648881 96 77.0812 1.14149 395.479 0.00158508 -0.434142 0.825175 0.807038
TPR chr1 186314725 186317482 - chr1:186356739:186357397:clu_13627_- 16 3522 -844905 chr1:187162387:G:T chr1 187162387 187162387 96 92.2125 0.96769 4864.65 2.13224e-05 0.581431 0.162837 0.15132
ERVMER61-1 chr1 187073025 187092825 + chr1:187329060:187443628:clu_6852_+ 18 4587 28471 chr1:187121296:C:T chr1 187121296 187121296 96 80.8687 1.10248 1858.26 4.52575e-05 -0.726919 0.245754 0.243899
UCHL5 chr1 193016396 193020307 - chr1:193023039:193023844:clu_13634_- 12 3260 16209 chr1:193000187:A:G chr1 193000187 193000187 96 82.65 1.05265 1441.4 0.000110715 -0.641947 0.362637 0.359209
CDC73 chr1 193138174 193141850 + chr1:193212477:193232993:clu_6858_+ 6 3221 586918 chr1:193728768:T:C chr1 193728768 193728768 96 78.525 1.0549 570.67 5.88355e-05 -1.03647 0.124875 0.130963
PTPRC chr1 198639138 198639226 + chr1:198692373:198703298:clu_6860_+ 15 3592 -322163 chr1:198316975:C:A chr1 198316975 198316975 96 84.375 1.06214 2873.09 3.23208e-05 0.998599 0.21978 0.219873
DDX59 chr1 200649227 200650425 - chr1:200649226:200650425:clu_13642_- 8 4587 934635 chr1:199714592:A:T chr1 199714592 199714592 96 81.75 1.05924 1254.02 0.000102076 -0.648099 0.334665 0.318204
KDM5B chr1 202764146 202766397 - chr1:202773053:202773118:clu_13644_- 10 3354 -589614 chr1:203356011:A:G chr1 203356011 203356011 96 87.0938 0.949937 3037.84 0.000566674 0.950309 0.956044 0.960394
RABIF chr1 202881224 202881608 - chr1:202881223:202881608:clu_13646_- 3 3537 -475739 chr1:203357347:T:C chr1 203357347 203357347 96 82.05 1.0782 712.479 0.00186312 -0.431822 0.943057 0.935413
TMEM183A chr1 203007575 203007774 + chr1:203007574:203007774:clu_6871_+ 3 3504 -964349 chr1:202043226:A:C chr1 202043226 202043226 96 87.4875 1.03021 871.25 0.000543551 -0.794195 0.555445 0.554782
SNRPE chr1 203862223 203863663 + chr1:203863725:203865041:clu_6875_+ 4 3768 -508472 chr1:203353751:C:T chr1 203353751 203353751 96 84.3937 1.10721 1168.77 0.000249965 -1.09704 0.464535 0.452464
MDM4 chr1 204526435 204530684 + chr1:204542944:204546797:clu_6882_+ 17 4025 -357972 chr1:204168463:C:T chr1 204168463 204168463 96 86.8688 1.03386 5412.64 5.17902e-05 0.66834 0.454545 0.457284
NUAK2 chr1 205311826 205312012 - chr1:205311825:205312012:clu_13656_- 5 3289 -99577 chr1:205411589:G:C chr1 205411589 205411589 96 81.3188 1.03559 787.655 2.07513e-06 1.02569 0.00799201 0.00828759
NUCKS1 chr1 205719674 205720501 - chr1:205748224:205749957:clu_13660_- 4 3089 -203461 chr1:205923962:T:G chr1 205923962 205923962 96 85.5938 1.03312 960.884 0.00197274 -0.761359 0.964036 0.962882
IKBKE chr1 206471246 206473196 + chr1:206473314:206474331:clu_6889_+ 5 2613 -850075 chr1:205621171:G:A chr1 205621171 205621171 96 88.3875 1.0784 1466.71 0.00080603 -1.28473 0.833167 0.834293
RASSF5 chr1 206584685 206585061 + chr1:206584684:206585061:clu_6892_+ 4 2439 416631 chr1:207001692:A:C chr1 207001692 207001692 96 81.0938 1.10506 677.179 0.000234755 -0.550225 0.356643 0.339894
EIF2D chr1 206591846 206593619 - chr1:206591845:206593668:clu_13661_- 9 2432 -539569 chr1:207133188:A:G chr1 207133188 207133188 96 86.925 1.06491 2051.98 0.000265891 0.522777 0.625375 0.63094
FCMR chr1 206905148 206909462 - chr1:206913042:206921818:clu_13667_- 11 2671 -582277 chr1:207491739:C:G chr1 207491739 207491739 96 80.7937 1.08067 1144.21 0.000229158 -0.912653 0.547453 0.528852
chr1:clu_6893_+ chr1 207059969 207307572 + chr1:207059968:207307572:clu_6893_+ 2 3300 0 chr1:207137291:A:G chr1 207137291 207137291 96 78.15 1.09066 270.509 0.00317219 0.894588 0.862138 0.861
CD55 chr1 207325722 207326752 + chr1:207336818:207337329:clu_6895_+ 8 3250 -12952 chr1:207312770:T:C chr1 207312770 207312770 96 89.1938 1.00442 2137.7 6.01223e-09 -0.893572 0.000999001 4.24193e-05
CD46 chr1 207752098 207757014 + chr1:207759724:207761251:clu_6898_+ 4 3319 129650 chr1:207886664:C:T chr1 207886664 207886664 96 84.4125 1.01097 992.744 0.000476486 -0.549018 0.643357 0.645464
HSD11B1-AS1 chr1 209661568 209662911 - chr1:209661567:209662911:clu_13673_- 2 4114 227192 chr1:209434376:G:A chr1 209434376 209434376 96 82.95 0.985842 521.702 0.000356226 -0.607289 0.394605 0.384294
TRAF3IP3 chr1 209763588 209772948 + chr1:209778173:209779431:clu_6904_+ 21 4245 47719 chr1:209820667:C:G chr1 209820667 209820667 96 91.5562 1.02114 10747.5 1.92073e-06 -0.652565 0.030969 0.0324377
RCOR3 chr1 211276419 211278117 + chr1:211276418:211278117:clu_6908_+ 2 4483 -668540 chr1:210607879:A:G chr1 210607879 210607879 96 79.1812 1.09344 463.071 0.00044214 -0.657855 0.44955 0.439369
LINC00467 chr1 211375527 211391616 + chr1:211384534:211391616:clu_6912_+ 4 4351 670004 chr1:212061620:A:G chr1 212061620 212061620 96 80.5125 1.0428 780.668 0.00243147 0.794772 0.983017 0.985397
LPGAT1 chr1 211750051 211750743 - chr1:211750050:211750743:clu_13675_- 2 4172 -712209 chr1:212462952:C:T chr1 212462952 212462952 96 79.7812 1.14101 451.527 0.00021619 0.512341 0.248751 0.228391
NENF chr1 212433121 212442565 + chr1:212442625:212445830:clu_6918_+ 5 3817 -699855 chr1:211733266:T:C chr1 211733266 211733266 96 79.1625 1.13359 968.055 0.00059022 -0.730809 0.802198 0.791613
NSL1 chr1 212738687 212739534 - chr1:212738686:212739534:clu_13679_- 10 3681 -185053 chr1:212924587:G:A chr1 212924587 212924587 96 82.9688 1.03297 1756.96 5.55955e-05 -0.759903 0.248751 0.25653
ANGEL2 chr1 213000384 213000786 - chr1:213004703:213005033:clu_13682_- 6 3546 812104 chr1:212188280:G:A chr1 212188280 212188280 96 80.5875 1.13916 1093.92 5.13589e-05 -0.613829 0.158841 0.154593
RRP15 chr1 218285456 218294159 + chr1:218285829:218302294:clu_6924_+ 5 4581 -5558 chr1:218279898:G:A chr1 218279898 218279898 96 88.4437 1.01307 1334 0.000137465 1.04398 0.292707 0.280977
EPRS chr1 220024457 220025132 - chr1:220025713:220030386:clu_13689_- 8 3913 827196 chr1:219197261:T:C chr1 219197261 219197261 96 81.5062 1.04169 1151.58 5.09283e-06 -0.612276 0.01998 0.025626
RAB3GAP2 chr1 220232864 220271628 - chr1:220232863:220272223:clu_13692_- 5 3903 -66776 chr1:220338404:T:C chr1 220338404 220338404 96 78.3 1.02182 420.583 4.51841e-06 -0.7093 0.014985 0.0131397
MIA3 chr1 222648851 222650292 + chr1:222648850:222650292:clu_6931_+ 2 3900 814580 chr1:223464872:G:T chr1 223464872 223464872 96 81.9937 1.04628 461.717 0.000245552 0.752751 0.264735 0.257863
BROX chr1 222712943 222713588 + chr1:222712942:222713588:clu_6928_+ 4 3855 833300 chr1:223546888:T:G chr1 223546888 223546888 96 78.5062 1.07977 587.509 0.00238332 -0.888896 0.96004 0.966628
AL392172.1 chr1 222835216 222836797 + chr1:222835215:222836996:clu_6936_+ 6 3831 -861510 chr1:221973706:G:A chr1 221973706 221973706 96 81.45 1.00314 1008.87 0.000467851 0.587816 0.727273 0.723435
SUSD4 chr1 223235101 223264630 - chr1:223264818:223268502:clu_13696_- 3 3794 -988136 chr1:224252766:A:G chr1 224252766 224252766 96 82.05 1.0683 563.204 0.000303854 0.581788 0.363636 0.346337
NVL chr1 224308260 224311800 - chr1:224308263:224317694:clu_13700_- 8 3651 684399 chr1:223623861:G:A chr1 223623861 223623861 96 77.7 1.12403 807.049 7.93005e-05 0.550903 0.216783 0.217673
CNIH4 chr1 224365992 224371283 + chr1:224377177:224379069:clu_6939_+ 6 3732 508928 chr1:224880211:C:T chr1 224880211 224880211 96 80.325 1.04092 755.035 8.14826e-05 -0.770891 0.200799 0.195926
LBR chr1 225412646 225412826 - chr1:225412645:225415278:clu_13703_- 4 3510 -602651 chr1:226015477:G:C chr1 226015477 226015477 96 82.05 1.02491 760.392 0.000573238 -1.03575 0.656344 0.660602
AL591895.1 chr1 225841188 225842707 - chr1:225841187:225846838:clu_13705_- 4 3532 -794198 chr1:226636905:C:T chr1 226636905 226636905 96 81.7312 1.0418 777.272 0.000182197 -0.604295 0.334665 0.331863
TMEM63A chr1 225865968 225866574 - chr1:225867163:225867888:clu_13707_- 7 3507 -458396 chr1:226324970:G:C chr1 226324970 226324970 96 86.025 1.02874 1494.43 0.0002396 -0.706079 0.53047 0.519077
H3F3A chr1 226062812 226064329 + chr1:226065798:226071351:clu_6947_+ 13 3708 275500 chr1:226339829:T:A chr1 226339829 226339829 96 77.6625 1.12936 1387.23 0.000157403 -0.698313 0.571429 0.554864
ACBD3 chr1 226164930 226165859 - chr1:226164929:226165894:clu_13717_- 5 3995 -138594 chr1:226304453:T:A chr1 226304453 226304453 96 78.7875 1.1149 900.958 2.43778e-05 -0.784008 0.0859141 0.0835187
PARP1 chr1 226390625 226392199 - chr1:226392314:226392917:clu_13721_- 5 4441 -982295 chr1:227374494:T:C chr1 227374494 227374494 96 79.4062 1.08626 763.814 1.65408e-06 -0.958459 0.00699301 0.0065278
JMJD4 chr1 227732677 227732881 - chr1:227732676:227732881:clu_13722_- 4 4377 -564162 chr1:228297043:T:C chr1 228297043 228297043 96 81.6937 1.02465 516.414 0.000649123 -0.638597 0.562438 0.56557
C1orf35 chr1 228101474 228102080 - chr1:228101473:228102080:clu_13725_- 9 4329 933257 chr1:227168217:A:C chr1 227168217 227168217 96 81.9937 1.07337 1471.66 0.000580768 0.535522 0.875125 0.872857
GUK1 chr1 228147545 228147615 + chr1:228147699:228148665:clu_6951_+ 5 4284 -869780 chr1:227277765:C:G chr1 227277765 227277765 96 82.6687 1.02328 909.766 0.000409709 0.685983 0.608392 0.603802
RAB4A chr1 229299073 229302862 + chr1:229302989:229303655:clu_6954_+ 5 3396 -513183 chr1:228785890:G:C chr1 228785890 228785890 96 77.4 1.06953 680.604 0.00037473 0.793562 0.596404 0.587402
C1orf131 chr1 231227069 231228241 - chr1:231229209:231238857:clu_13734_- 10 4489 468450 chr1:230758619:A:G chr1 230758619 230758619 96 84.3 1.07535 2904.79 8.8701e-06 0.574397 0.0789211 0.0705947
GNPAT chr1 231241457 231250961 + chr1:231251143:231258222:clu_6963_+ 7 4497 -83613 chr1:231157844:T:A chr1 231157844 231157844 96 80.175 1.11597 1796.18 0.000532055 -0.863532 0.919081 0.924845
SPRTN chr1 231338579 231339769 + chr1:231338604:231339769:clu_6965_+ 6 4432 493017 chr1:231832786:C:G chr1 231832786 231832786 96 90.5437 1.02865 3388.03 0.000352885 0.475726 0.807193 0.821604
AL445524.2,EGLN1 chr1 231359817 231364327 - chr1:231374099:231420998:clu_13736_- 11 4507 793998 chr1:230565819:G:A chr1 230565819 230565819 96 82.8188 1.0708 2732.92 6.19677e-05 -0.559563 0.387612 0.387798
AL445524.1,AL445524.2 chr1 231522638 231524426 - chr1:231522637:231527338:clu_13737_- 8 4456 48967 chr1:231473671:G:A chr1 231473671 231473671 96 80.7 1.05638 1579.85 0.000592619 -0.742001 0.917083 0.917935
TSNAX,TSNAX-DISC1 chr1 231529360 231537213 + chr1:231529359:231542481:clu_6968_+ 5 4459 639385 chr1:232176598:T:C chr1 232176598 232176598 96 86.2875 1.01907 1930.96 0.000343911 -0.593694 0.734266 0.730312
NTPCR chr1 232956444 232969909 + chr1:232978041:232978163:clu_6973_+ 5 4908 663335 chr1:233633244:G:C chr1 233633244 233633244 96 83.9437 1.04259 1632.22 0.000554866 -0.705342 0.869131 0.860672
PCNX2 chr1 232984478 232985630 - chr1:233202250:233208518:clu_13739_- 11 4932 695606 chr1:232288872:T:A chr1 232288872 232288872 96 88.2 1.03873 4939.13 0.000218055 -0.550911 0.859141 0.849433
COA6-AS1 chr1 234373191 234373363 - chr1:234373210:234373423:clu_13742_- 8 4700 0 chr1:234373210:A:C chr1 234373210 234373210 96 85.3313 0.993029 2371.84 6.03697e-05 0.98956 0.322677 0.313211
COA6 chr1 234373679 234374230 + chr1:234373840:234374230:clu_6974_+ 5 4701 118293 chr1:234492523:T:G chr1 234492523 234492523 96 88.5937 1.00835 2434.96 0.000448836 -0.470335 0.83017 0.83684
TOMM20 chr1 235113911 235119339 - chr1:235119406:235119818:clu_13744_- 3 4170 -999314 chr1:236118653:T:G chr1 236118653 236118653 96 76.4437 1.08219 478.333 0.000822296 -0.651542 0.727273 0.716156
RBM34,ARID4B chr1 235131998 235135652 - chr1:235131997:235135652:clu_13746_- 16 4118 -736623 chr1:235872275:G:A chr1 235872275 235872275 96 84.8437 1.03234 3890.17 0.000252404 0.840477 0.88012 0.890684
ARID4B chr1 235177914 235181071 - chr1:235196115:235219793:clu_13751_- 16 4096 34666 chr1:235143248:C:T chr1 235143248 235143248 96 91.3313 1.05097 10312.8 8.07363e-05 -0.539002 0.691309 0.692813
LYST chr1 235813062 235830226 - chr1:235829036:235830226:clu_13757_- 3 4566 -870425 chr1:236700651:A:G chr1 236700651 236700651 96 83.9437 0.969606 762.387 0.000600757 0.558244 0.652348 0.653047
ERO1B chr1 236226740 236230224 - chr1:236236398:236249885:clu_13760_- 13 4566 132556 chr1:236094184:T:C chr1 236094184 236094184 96 88.5937 0.983081 4797.24 0.000108489 0.516265 0.628372 0.626327
MTR chr1 236838600 236850344 + chr1:236838599:236850344:clu_6980_+ 6 5111 426574 chr1:237276918:T:G chr1 237276918 237276918 96 89.2313 1.00659 3167.3 5.95821e-05 -0.647293 0.288711 0.288983
CHRM3-AS2 chr1 239705716 239706322 - chr1:239707760:239714177:clu_13762_- 7 4761 -570028 chr1:240276350:T:G chr1 240276350 240276350 96 78.6 1.08688 1201.99 0.000254754 0.510393 0.653347 0.64255
FH chr1 241497971 241498182 - chr1:241497970:241500437:clu_13766_- 3 4866 -903991 chr1:242402173:C:T chr1 242402173 242402173 96 85.5188 1.02566 1271.18 0.00102811 0.460394 0.917083 0.912753
CHML,OPN3 chr1 241597998 241639882 - chr1:241636073:241639882:clu_13768_- 4 5045 36376 chr1:241561622:T:C chr1 241561622 241561622 96 85.9313 1.03934 1914.41 7.8244e-05 1.27411 0.307692 0.283354
SDCCAG8 chr1 243256241 243270092 + chr1:243286397:243289825:clu_6987_+ 22 3550 -332320 chr1:242923921:C:T chr1 242923921 242923921 96 84.9375 1.05569 4695.77 0.000335726 0.530397 0.968032 0.966405
DESI2 chr1 244653356 244653913 + chr1:244672461:244681868:clu_6993_+ 13 3973 -435763 chr1:244217593:T:G chr1 244217593 244217593 96 89.1938 1.05276 5349.13 5.54341e-05 0.550206 0.404595 0.39593
COX20 chr1 244835737 244841944 + chr1:244835756:244842195:clu_6995_+ 9 4337 -309062 chr1:244526675:T:G chr1 244526675 244526675 96 88.1625 1.04636 3662.7 0.000308648 0.599121 0.85015 0.854732
HNRNPU chr1 244854504 244854973 - chr1:244862730:244863617:clu_13784_- 10 4371 871732 chr1:243982772:T:C chr1 243982772 243982772 96 88.1437 1.04685 4869.44 0.000181031 -0.639035 0.794206 0.790327
SMYD3 chr1 245749665 245764041 - chr1:245764149:245858496:clu_13785_- 3 5493 615724 chr1:245133941:G:A chr1 245133941 245133941 96 79.1062 1.07279 863.977 0.000263857 0.690178 0.534466 0.519781
chr1:clu_7001_+ chr1 246605650 246605710 + chr1:246605669:246605710:clu_7001_+ 10 5978 -892795 chr1:245712855:T:C chr1 245712855 245712855 96 86.5688 1.05278 3523.42 2.62499e-05 0.839334 0.184815 0.186726
