phenotype_id	num_var	beta_shape1	beta_shape2	true_df	pval_true_df	variant_id	start_distance	end_distance	ma_samples	ma_count	af	pval_nominal	slope	slope_se	pval_perm	pval_beta	qval	pval_nominal_threshold
ENSG00000177663	3247	1.046305	281.75366	157.94254	0.003715154091099914	chr22:17437110:T:C	352155	321416	19	19	0.0475	0.0017344898719637947	0.7421718	0.23346634	0.6384361563843616	0.6301546008800616	0.525128834066718	8.830305451070165e-06
ENSG00000069998	3335	1.0414215	302.3686	159.46072	0.0014209050709303164	chr22:17121274:C:G	-16238	-44013	116	146	0.365	0.0006085286143278357	0.32689714	0.09371771	0.3334666533346665	0.32995105435331057	0.47164722062501	7.983048380924248e-06
ENSG00000093072	3349	1.0221575	321.2912	162.32608	0.0022499593299629738	chr22:18002694:A:T	823903	744459	34	34	0.085	0.0011409551292399856	-0.64349747	0.19469324	0.5138486151384861	0.5044643960235518	0.5042091492322014	6.649742036289723e-06
ENSG00000131100	3308	1.0288655	261.8749	155.84134	0.0022052619435746286	chr22:16832398:C:T	-759739	-796351	76	85	0.2125	0.0008779065251508724	-0.41219157	0.12186499	0.43115688431156884	0.42503052642026323	0.4806892858324404	8.516766097699712e-06
ENSG00000099968	3288	1.0273526	308.03113	160.75299	0.00042997450780700463	chr22:17251466:C:A	-377390	-479389	136	169	0.4225	0.00016475900740284608	-0.37754154	0.09814067	0.1141885811418858	0.11592337358706999	0.36333418887968305	7.171126052638153e-06
ENSG00000015475	3178	1.0374465	282.5862	159.22113	0.011266955609483523	chr22:18106877:G:A	372738	332107	25	28	0.07	0.006431001926579276	-0.47040784	0.1706549	0.9534046595340466	0.9562285455684194	0.5826429751579142	8.332364607715042e-06
ENSG00000243156	3239	1.0345453	283.726	158.83922	0.0014713596404867316	chr22:18987460:C:T	1199810	962899	29	31	0.0775	0.0006178942817373259	0.5832465	0.16741936	0.3321667833216678	0.32525101578508775	0.47164722062501	8.14891737055228e-06
ENSG00000215193	3088	1.0095972	264.4706	161.12024	0.0006012440728828247	chr22:17350100:T:C	-727821	-781038	140	180	0.45	0.00024514066489094707	-0.34603363	0.09250844	0.14308569143085692	0.14384025418926202	0.36333418887968305	7.4427550682917505e-06
ENSG00000070413	2862	1.0177255	213.13025	157.28549	0.005058441440519119	chr22:19765926:A:G	729643	643472	79	89	0.2225	0.0024236127520894358	-0.38291445	0.12451378	0.6567343265673433	0.6533653539152959	0.5255985552975261	9.740656425225918e-06
ENSG00000100075	2768	1.0142838	178.1845	155.16573	0.0005667295555840911	chr22:19169030:G:A	-6552	-9709	129	155	0.3875	0.00017359031880931342	0.3460614	0.09028262	0.09199080091990801	0.09238617286997024	0.3287967095445755	1.1392307099031027e-05
ENSG00000100084	3277	1.0077002	217.34306	154.98636	0.012529892526171755	chr22:20293738:A:T	963039	846288	59	63	0.1575	0.0065038325094783295	0.3229084	0.11730835	0.9316068393160684	0.9345328366776585	0.580265486825997	8.943665598062374e-06
ENSG00000242259	3279	1.0399141	239.55597	156.80753	0.008305371437252245	chr22:19519037:T:A	167668	70805	23	23	0.0575	0.004239397378573083	0.58683	0.20264481	0.8559144085591441	0.855459741595539	0.5565632271966179	9.981828745994134e-06
ENSG00000185608	3249	1.0371798	233.57196	156.972	0.0034579385774939323	chr22:20197668:T:C	765765	761593	63	73	0.1825	0.0015441621917196308	-0.37006027	0.11512796	0.5452454754524547	0.5374538713931128	0.505294527640679	1.0063890425331792e-05
ENSG00000070010	3330	1.0453097	239.90526	156.70723	0.005947310421795109	chr22:20407094:A:C	957182	927892	139	177	0.4425	0.00287027992110202	0.2935166	0.09713132	0.7466253374662534	0.7457153380538246	0.540061837736324	1.0306947501301049e-05
ENSG00000185838	4053	1.0223441	281.95236	157.5169	0.0016489008740769517	chr22:19213417:C:T	-569807	-641522	37	38	0.095	0.0006685185466589269	0.4911062	0.14188856	0.36596340365963403	0.3613072085225189	0.4718195645443753	7.58661371012014e-06
ENSG00000184470	4204	1.0305839	280.87463	156.52946	0.0007712882848842561	chr22:19576469:G:A	-299049	-365351	79	90	0.225	0.0002653915601668104	-0.37255004	0.10017373	0.18498150184981502	0.18320385583691087	0.4071196796375796	8.027925491909087e-06
ENSG00000093010	4260	1.0419475	283.2935	156.44183	0.0006306150401390865	chr22:19638754:A:G	-302854	-331221	22	23	0.0575	0.00020904408906165212	-0.72430444	0.19143885	0.14778522147785222	0.1492170775030672	0.36333418887968305	8.548457692890398e-06
ENSG00000183597	4327	1.0424306	328.36688	159.01637	0.0030820441264839253	chr22:20157735:C:T	140720	90571	51	56	0.14	0.0014519648881694545	-0.4551409	0.14078072	0.6256374362563744	0.6189497059044184	0.5207608432038348	7.397311974322788e-06
ENSG00000099899	4168	1.0416596	301.50967	155.06801	0.00026954223886760755	chr22:21073090:C:T	961214	955698	94	108	0.27	7.20975479280319e-05	-0.3853831	0.09488758	0.0665933406659334	0.0689961529080074	0.27622303930795233	8.017657117739642e-06
ENSG00000099901	4151	1.0480425	316.62817	156.9429	0.0015202010946045858	chr22:20154990:C:A	39051	27635	68	72	0.18	0.000594610348034988	0.46546873	0.1331928	0.36736326367363265	0.3593374171283181	0.4718195645443753	7.942336036342203e-06
ENSG00000128185	3719	1.0513358	290.40643	156.67934	0.007977573933927269	chr22:20408831:A:G	94592	88751	14	14	0.035	0.004031149727113861	0.85850936	0.29478145	0.8934106589341065	0.8934131676581122	0.5707588705628149	8.836056230764722e-06
ENSG00000099910	3623	1.0524442	288.03873	156.5826	0.005594515149647109	chr22:19774281:T:C	-667239	-721563	33	37	0.0925	0.002663267301434727	0.4964821	0.16301708	0.7907209279072093	0.7857199024164787	0.5438498413811691	8.969195777697834e-06
ENSG00000099917	3587	1.0420678	312.4674	159.9988	0.0008819598156675354	chr22:19702259:G:A	-793655	-885373	123	156	0.39	0.00036087825225521907	0.37310046	0.10264668	0.22747725227477253	0.22346878554562297	0.4422819713923787	7.756175131841453e-06
ENSG00000226287	3203	1.0216204	220.34964	153.38675	0.00021339779514195024	chr22:21067752:T:C	366637	363146	108	126	0.315	4.983813643300904e-05	-0.39567384	0.095236704	0.0395960403959604	0.04259408683122504	0.2697625499310919	9.6622629105146e-06
ENSG00000241973	3444	1.0306277	260.6962	158.11772	0.004051454759116884	chr22:20975977:C:T	268285	116560	156	196	0.49	0.0019277974135422952	0.36344925	0.11551024	0.6423357664233577	0.6401609458271346	0.5255985552975261	8.651673903769867e-06
ENSG00000099940	3281	1.0216988	234.90279	156.82365	0.0025508622252552685	chr22:21704517:C:T	845509	813303	133	165	0.4125	0.0010792805222060128	0.31187752	0.09389195	0.4460553944605539	0.44061001391965815	0.4884909965124009	9.068267723983062e-06
ENSG00000099942	3238	0.99647886	222.0662	157.3117	0.0022010539199604664	chr22:20920741:T:C	3333	-33006	96	115	0.2875	0.000926412627986253	0.31532267	0.09366107	0.3848615138486151	0.3886766140669952	0.4718195645443753	8.119900358842184e-06
ENSG00000184436	3057	1.05574	202.36272	154.7762	0.000977426020656522	chr22:20206338:C:G	-792767	-795858	132	157	0.3925	0.00032356318153575926	0.36967888	0.10087052	0.15898410158984103	0.1596470604559566	0.37448075909421913	1.302455007015653e-05
ENSG00000230513	3057	1.0368482	197.89389	154.11327	0.009415599444659901	chr22:20230714:G:A	-771173	-779628	76	81	0.2025	0.00454038599265308	-0.29580244	0.10294989	0.841015898410159	0.8371535358426339	0.549937430346263	1.1853429458840853e-05
ENSG00000185651	2491	1.0694577	141.83125	151.66165	0.007179336129193852	chr22:22045498:A:T	496050	421464	108	131	0.3275	0.003056028310405328	0.27124768	0.0903597	0.6207379262073792	0.6106096564616897	0.5190865088488636	2.0173469096981045e-05
ENSG00000161179	2332	1.0343962	143.82788	156.4011	0.0029474666637524386	chr22:22136175:G:A	508085	506111	86	101	0.2525	0.0012570552587520068	0.34301087	0.10469451	0.32726727327267274	0.32974000448312923	0.47164722062501	1.6059072022491e-05
ENSG00000128228	2306	1.0316093	124.65618	152.60008	0.004874688476044815	chr22:21009216:C:T	-633087	-635083	45	48	0.12	0.0019870709740754285	0.4561258	0.1453964	0.44725527447255276	0.4408753693016218	0.4884909965124009	1.8205137566700005e-05
ENSG00000100023	2231	1.0516202	117.704346	151.97968	0.0021253902507460155	chr22:21018116:T:G	-647894	-681899	44	50	0.125	0.0007215326724203429	-0.4554376	0.13242292	0.20267973202679732	0.2010299167746074	0.41431977592974367	2.1835738667100495e-05
ENSG00000100027	2179	1.0150754	128.2014	157.9432	0.0038397984811315874	chr22:21565579:C:T	-131958	-170215	84	94	0.235	0.0018017484476600654	-0.34998873	0.11050179	0.3852614738526147	0.3820331442168935	0.4718195645443753	1.5915799994960263e-05
ENSG00000100030	2090	1.0500778	119.55631	153.93388	0.004477010746009196	chr22:22236688:T:C	482187	369008	45	48	0.12	0.0018805569006183735	0.46053478	0.14601095	0.39666033396660333	0.3911135863986269	0.4718195645443753	2.129570955099165e-05
ENSG00000211677	3330	1.0434927	214.82501	155.6272	7.429725450232932e-05	chr22:23892747:A:G	991770	991310	70	76	0.19	1.638443112212306e-05	-0.47395602	0.10707218	0.012798720127987202	0.012977248927692576	0.12821448291610563	1.1381390431143807e-05
ENSG00000211679	3339	1.0561305	189.07349	151.35803	0.0020856300550584775	chr22:22904848:G:A	-1495	-1955	74	81	0.2025	0.0006877040553138062	0.35025132	0.10143138	0.30326967303269675	0.3003892827645699	0.47164722062501	1.397289582886854e-05
ENSG00000186716	3192	1.0376121	199.37045	155.45757	3.50066719857696e-05	chr22:23694376:G:A	514671	376339	44	46	0.115	6.6941781120721e-06	0.67773354	0.14616576	0.004999500049995001	0.005676986333098976	0.06537135777507909	1.1822148512916874e-05
ENSG00000159496	3440	1.005109	230.15108	159.15309	0.004725102296331537	chr22:23035296:A:C	-652841	-663880	75	85	0.2125	0.002378521332104986	0.355206	0.11528299	0.6638336166383362	0.6617039806232738	0.5255985552975261	8.301863728226664e-06
ENSG00000250479	3631	1.0167128	264.15012	160.4398	0.003069756196075818	chr22:23473404:C:T	-292431	-295039	57	62	0.155	0.0015179249957254519	0.41207567	0.12799227	0.5542445755424458	0.5483000092369155	0.5105070584660047	7.807721484061786e-06
ENSG00000099956	3923	1.0580192	257.65408	155.12575	0.0006482956472158438	chr22:24518607:C:T	731675	680599	27	28	0.07	0.0002029082906915786	0.7003438	0.184716	0.1332866713328667	0.13489177584033807	0.36333418887968305	1.0371963043017814e-05
ENSG00000133460	4046	1.026803	223.34929	149.4108	0.0016940637062479418	chr22:24260780:T:C	404076	374471	37	38	0.095	0.0004925684517587895	0.46156722	0.13009182	0.3017698230176982	0.30285288671214233	0.47164722062501	9.855179750829843e-06
ENSG00000240972	4083	1.0514299	276.77692	155.81247	3.898974290567499e-06	chr22:23892620:T:C	-1764	-2607	73	79	0.1975	5.21683641023187e-07	-0.5638271	0.10837983	0.0005999400059994001	0.0007421392533720182	0.023501076356780573	9.276466061144952e-06
ENSG00000099977	4045	1.0742927	258.9302	153.4505	0.006661390498151071	chr22:23684053:G:A	-287313	-295775	18	18	0.045	0.0029591251450494568	0.6970404	0.23140965	0.8072192780721927	0.8023732665106047	0.544899696346751	1.137092877318247e-05
ENSG00000099991	4434	1.0604784	292.307	154.71422	0.008086349864188314	chr22:25174053:A:G	1162860	995425	128	160	0.4	0.0038648426174235253	0.28278378	0.09664158	0.895010498950105	0.8966922255947385	0.5707588705628149	9.279030467394402e-06
ENSG00000100014	4288	1.061933	331.77646	157.6092	0.0035230305891975735	chr22:25031679:G:A	760861	613940	139	180	0.45	0.001612992980408412	0.28285864	0.088363335	0.6691330866913309	0.6655088410740921	0.5255985552975261	8.247008623417287e-06
ENSG00000128271	3887	1.0152167	287.90146	157.25723	0.00290502081953124	chr22:23601575:T:A	-816305	-840782	29	30	0.075	0.0012747640904966094	0.57898223	0.17694424	0.5660433956604339	0.5602143246850633	0.5105070584660047	7.094049808260072e-06
ENSG00000100028	3724	1.037203	293.35428	158.78645	0.00020586279475465205	chr22:25525786:G:A	969827	943734	43	47	0.1175	6.431198853163285e-05	0.6177726	0.15102723	0.0486951304869513	0.051925446448855474	0.27622303930795233	8.014282681446027e-06
ENSG00000100058	3894	1.0510712	354.66385	158.69597	1.4542806300354933e-05	chr22:25043348:C:T	-404758	-477506	25	25	0.0625	3.0212194068949478e-06	0.8929898	0.18534294	0.0036996300369963003	0.0038440403728570685	0.059395379352211876	7.223575379828651e-06
ENSG00000100099	4706	1.027556	547.13824	161.34212	0.0014491822415089216	chr22:25985715:C:T	-457709	-498122	83	93	0.2325	0.0006699469892408762	0.38709757	0.11185856	0.5365463453654634	0.5348287522942113	0.505294527640679	4.042574627348539e-06
ENSG00000100109	4808	1.019507	478.8843	156.28908	0.0024558898400649084	chr22:26849379:T:G	358153	336874	106	126	0.315	0.001012372149307451	-0.32549623	0.0974375	0.6868313168683132	0.6843102345523813	0.5265684470979933	4.385677191339327e-06
ENSG00000128294	4963	1.0336564	575.36115	160.52728	0.0014863372166244115	chr22:27165990:T:C	643993	569273	121	158	0.395	0.0006679993928348526	0.3181429	0.09191073	0.5613438656134386	0.559651740439512	0.5105070584660047	3.996108089482872e-06
ENSG00000225783	5103	1.015575	608.93475	161.59772	0.0008696134158890554	chr22:26903768:C:G	257356	227293	17	18	0.045	0.00037999528390540477	0.6870226	0.18975848	0.40275972402759724	0.40366054528713796	0.473429034596026	3.3619448270153987e-06
ENSG00000244625	5309	1.0414411	657.29083	161.85635	0.003316447315431109	chr22:26266296:T:C	-406452	-514597	17	18	0.045	0.0017373372121037226	0.73542035	0.23137905	0.8842115788421158	0.8793195713775049	0.5654527803851302	3.672972717188317e-06
ENSG00000223704	5144	1.0180922	506.2764	155.04521	0.0009728043537370441	chr22:27319139:G:T	460504	350376	16	16	0.04	0.00032565840915617947	0.75879365	0.20714456	0.3798620137986201	0.3802815772204298	0.4718195645443753	4.110479339860567e-06
ENSG00000180957	3995	1.0455836	382.44324	158.10957	0.00017746020557963624	chr22:26968647:C:T	-883023	-951487	148	190	0.475	5.224854443332394e-05	0.43992037	0.106189005	0.057694230576942306	0.056863614745625624	0.27622303930795233	6.476705017300799e-06
ENSG00000235954	3871	1.0573593	363.52484	156.53896	0.0012105963640750956	chr22:27517685:T:G	-401692	-490896	35	38	0.095	0.0004487622026056666	0.5837057	0.16331255	0.33696630336966304	0.32927758786733	0.47164722062501	7.3222847658357385e-06
ENSG00000100154	4901	1.0315218	365.5875	152.25589	2.621005023337025e-09	chr22:28689804:G:A	711789	9939	52	58	0.145	5.876836952773666e-11	0.7835155	0.11261221	9.999000099990002e-05	6.107124593366978e-07	2.5785637171993903e-05	6.204609307136482e-06
ENSG00000100209	2833	1.0114354	116.87329	149.36491	0.0053135900616099315	chr22:29058041:G:A	316001	300526	137	167	0.4175	0.001970182719419407	0.28340262	0.09026263	0.4597540245975402	0.4579258474586183	0.4949984140618728	1.704679662484413e-05
ENSG00000100219	2862	1.0492009	105.00509	146.2451	0.0017301844126632602	chr22:28738731:G:A	-55825	-61866	38	41	0.1025	0.000438985527521757	0.45693958	0.12762511	0.14708529147085292	0.1493267415943225	0.36333418887968305	2.4116087130078544e-05
ENSG00000100263	3007	1.0474379	104.14944	143.4784	0.007247305000207896	chr22:29052821:T:A	-207052	-215388	106	121	0.3025	0.0023496268527383977	0.2947718	0.09555022	0.512048795120488	0.5088937420877663	0.5042091492322014	2.405222880552522e-05
ENSG00000182944	3047	1.0533488	121.639786	148.06	0.034478985409531274	chr22:30244225:G:A	976215	943700	73	80	0.2	0.018378694801428636	-0.30156526	0.12675634	0.9814018598140186	0.9842758895280385	0.593690219080404	2.13533559743643e-05
ENSG00000100280	3255	1.0242968	130.964	151.11014	0.00713446702611168	chr22:29006631:T:A	-321050	-416548	24	25	0.0625	0.002980195795175425	-0.5691017	0.18907742	0.6043395660433957	0.5977275128224201	0.5150486505045796	1.6538832469373376e-05
ENSG00000100296	3436	1.0279201	140.63222	149.44418	0.002406557080978721	chr22:29428534:C:T	-77346	-126682	135	181	0.4525	0.0007556617669266727	0.2842662	0.08297506	0.2783721627837216	0.2748836691347706	0.47164722062501	1.57632339294523e-05
ENSG00000184117	3423	1.0663692	141.97913	147.00778	0.0012699561007940873	chr22:30442283:G:A	887474	860956	117	151	0.3775	0.00031017497581982173	0.33840233	0.092045136	0.14408559144085592	0.14268339431468155	0.36333418887968305	1.9786514023342323e-05
ENSG00000186575	3699	1.0364947	162.64085	149.8159	0.048768315478010825	chr22:30383968:A:G	780411	685370	140	179	0.4475	0.02892062057047627	-0.20296885	0.09218186	0.9998000199980002	0.9996751161822149	0.5972901637566692	1.4390434794828599e-05
ENSG00000100319	3669	1.0296	163.91092	150.28291	0.006105211329227297	chr22:30472612:G:A	741655	705601	30	32	0.08	0.002404977089881512	-0.49421656	0.1605799	0.6278372162783722	0.6208017420298347	0.5207608432038348	1.3670214515830929e-05
ENSG00000184076	3611	1.043996	184.1586	154.09804	0.006130856839884252	chr22:29709309:C:G	-58061	-61104	31	31	0.0775	0.0027389328124817537	0.54934233	0.18089996	0.669033096690331	0.6600996586070711	0.5255985552975261	1.3317876971436117e-05
ENSG00000100325	3712	1.0325912	178.06671	152.64113	0.002419118169332684	chr22:30552505:T:A	763895	714201	27	29	0.0725	0.0008645961260491772	0.62489235	0.18450709	0.3384661533846615	0.3349165266078368	0.47164722062501	1.2824549458835098e-05
ENSG00000100330	3786	1.0701598	184.74571	149.57152	0.01479426019878304	chr22:30875563:G:C	992407	844697	146	197	0.5075	0.006846435350252512	0.25588977	0.09355805	0.9261073892610739	0.9276774240789168	0.578846340147764	1.5552757713658733e-05
ENSG00000099985	3546	1.0458221	158.58847	147.7252	2.8143139719996584e-05	chr22:30638097:A:G	375267	371246	22	24	0.06	2.9319208210524867e-06	0.7419148	0.15377165	0.0023997600239976003	0.0034066079015254614	0.059395379352211876	1.5640502409040483e-05
ENSG00000099992	3603	1.0809131	157.1516	146.0821	0.0004744232293088849	chr22:31136290:C:T	844299	809244	54	59	0.1475	8.723668088241312e-05	0.534899	0.13329974	0.0524947505249475	0.0561045574088004	0.27622303930795233	1.947112177719164e-05
ENSG00000099995	3591	1.0606213	155.12694	147.38474	0.003502284798029922	chr22:29423750:T:A	-908239	-933169	49	52	0.13	0.001100402810097126	-0.45772588	0.13803871	0.398960103989601	0.39066475415875546	0.4718195645443753	1.749790495992858e-05
ENSG00000100003	3585	1.0371468	151.72583	147.0154	0.0007893135808198015	chr22:30916797:A:T	519855	491494	71	75	0.1875	0.00017242408289375803	0.4697183	0.12248577	0.09919008099190081	0.10257818292445259	0.3419272764148419	1.548878538809675e-05
ENSG00000242114	3515	1.0604439	145.80489	146.75243	0.0005552963092473509	chr22:31263687:T:A	838063	834633	46	48	0.12	0.0001100540887787629	-0.48293835	0.122177295	0.05829417058294171	0.06500401865490898	0.27622303930795233	1.8596550501813435e-05
ENSG00000100029	3436	1.0212415	139.11736	146.44865	0.0017730018196556725	chr22:30224371:G:A	-352255	-382712	140	195	0.4875	0.00045667794244967034	0.2796753	0.078356564	0.20577942205779423	0.21016539726536937	0.42255476698857325	1.5266313197001607e-05
ENSG00000235989	3237	1.0229317	131.33658	146.01547	0.004996367556922596	chr22:30590363:T:C	-331946	-342086	105	118	0.295	0.0016191492729838754	0.3311269	0.103479534	0.47515248475152483	0.4709592098183571	0.49712361036382124	1.6347823362999164e-05
ENSG00000133422	3327	1.057652	137.12672	144.2804	0.009308694883191684	chr22:31070618:A:C	145487	101844	83	94	0.235	0.0033053325107024246	0.31927457	0.10725694	0.7051294870512949	0.7013825836059537	0.5318865433111227	1.944320088244709e-05
ENSG00000253352	3274	1.0430801	132.0293	143.16644	0.0017900308295617554	chr22:30087977:A:C	-881269	-891418	59	62	0.155	0.00039732140254722484	0.43625274	0.12090823	0.19238076192380762	0.1938185460591774	0.41431977592974367	1.8470117961331798e-05
ENSG00000198832	3442	1.0792733	145.75697	146.25023	0.00013864700408588592	chr22:30360027:C:T	-744746	-760042	20	21	0.0525	1.9058531752718558e-05	0.9493958	0.21624917	0.0124987501249875	0.014171074427569572	0.12821448291610563	2.0793872314438025e-05
ENSG00000138942	3602	1.0260171	135.18858	143.88065	0.009476130498843034	chr22:30339639:C:T	-820544	-867380	38	42	0.105	0.0033356715385434907	-0.37329784	0.12552945	0.7193280671932807	0.714408071966274	0.5318865433111227	1.619972569643463e-05
ENSG00000182541	3701	1.0374583	149.78023	146.02498	0.0030082027217048454	chr22:32258988:G:A	1046748	978908	20	21	0.0525	0.0008635343239753104	-0.69168895	0.20420799	0.3518648135186481	0.34537482667495273	0.47164722062501	1.572062473682992e-05
ENSG00000100100	3689	1.0501794	148.75937	146.52298	0.004228930740728393	chr22:30388869:C:A	-892726	-903665	25	26	0.065	0.0013427022089526194	-0.53299636	0.16366923	0.45115488451154884	0.44349840472836405	0.4884909965124009	1.7126522796079385e-05
ENSG00000185721	4474	1.060154	199.81268	148.76619	0.0020824047791861925	chr22:30995400:T:C	-404205	-535234	46	47	0.1175	0.0006159604848019074	-0.56992626	0.1635538	0.31986801319868013	0.31279520758183516	0.47164722062501	1.3547195018591244e-05
ENSG00000184708	4304	1.0750135	176.68298	145.55365	0.00652284457974134	chr22:30443955:G:C	-993023	-1052153	29	31	0.0775	0.0022163239445995974	0.5389298	0.17366713	0.6619338066193381	0.6555630356273408	0.5255985552975261	1.6733613028168386e-05
ENSG00000198089	4536	1.0827086	216.8474	148.42813	0.008265767764615057	chr22:30589659:G:A	-899030	-1028929	65	68	0.17	0.003266701869473758	-0.42312726	0.14196494	0.8152184781521847	0.8129830832062557	0.5477545596070515	1.4259482648827765e-05
ENSG00000241878	4374	1.0597018	210.85536	149.4215	0.004498409032962462	chr22:32326976:C:A	708484	664544	34	35	0.0875	0.0016130941595015294	-0.54694617	0.1708637	0.5933406659334066	0.5872953632928343	0.5150486505045796	1.2802927381379654e-05
ENSG00000183530	4390	1.0566924	223.61673	150.77399	0.0022789148497627826	chr22:32461012:G:A	784755	710872	112	142	0.355	0.0007469780223330493	-0.34811598	0.101513326	0.37646235376462356	0.37250301799749463	0.4718195645443753	1.1854991601592565e-05
ENSG00000100150	4703	1.0415444	240.32364	152.1024	0.007445907136271873	chr22:31936132:A:C	182264	28099	70	76	0.19	0.003236654225248001	-0.36392167	0.1219792	0.8257174282571743	0.8232443316749722	0.5499189424759103	1.0051549211215559e-05
ENSG00000128245	4412	1.0488528	217.51222	150.81586	0.007803835614176607	chr22:32600462:T:C	655939	642859	30	32	0.08	0.0032877867565407758	-0.47897768	0.16081508	0.8056194380561944	0.8044440253961247	0.544899696346751	1.1618785632729951e-05
ENSG00000100220	4774	1.0571717	255.73897	151.47833	0.0017192037054406006	chr22:32580365:A:G	192782	168117	139	170	0.425	0.0005481292980207441	0.33865625	0.09626873	0.3321667833216678	0.3291806467491399	0.47164722062501	1.0396228193448883e-05
ENSG00000100225	4834	1.0376024	275.99637	153.24687	0.005506884463954409	chr22:32552982:T:A	78305	54153	32	36	0.09	0.002346980944133289	0.48490414	0.15716362	0.7687231276872313	0.7703123940648776	0.5438498413811691	8.539641203244772e-06
ENSG00000100281	4817	1.0484605	278.46146	155.45172	0.019659811596138586	chr22:35395471:C:G	138018	99664	19	19	0.0475	0.011130020394847418	0.5808441	0.22649287	0.9938006199380062	0.9955416016263904	0.5972901637566692	9.054070016969798e-06
ENSG00000100284	4849	1.0509224	282.0948	155.52342	0.0014854465801111274	chr22:35498300:C:G	199024	150308	62	68	0.17	0.0005461238905976121	-0.43338224	0.123159826	0.32016798320167983	0.3187764026007744	0.47164722062501	9.073406838723974e-06
ENSG00000100297	4651	1.0154431	273.29178	154.51819	0.0015652366389900152	chr22:34404589:G:A	-995546	-1020842	34	35	0.0875	0.0005570295441060418	0.4882267	0.13896705	0.34506549345065496	0.34089485338120123	0.47164722062501	7.484329581505126e-06
ENSG00000221963	4356	1.0485334	276.20605	155.76717	0.0014201429981208326	chr22:34979092:G:T	-669355	-689312	66	74	0.185	0.0005234061391200755	-0.4151133	0.11756644	0.3040695930406959	0.3023044919566502	0.47164722062501	9.132088622997202e-06
ENSG00000100320	4999	1.0494573	385.50226	159.60728	0.00018171665978342755	chr22:37003107:T:G	1264370	974283	91	101	0.2525	5.823240226505035e-05	0.4617097	0.11218663	0.055094490550944904	0.05800642752676734	0.27622303930795233	6.580384607241491e-06
ENSG00000128284	4183	1.0363495	359.4163	160.92375	0.00456192019642201	chr22:35409727:C:T	-730604	-756450	18	18	0.045	0.0024166160941719345	0.68162227	0.22158042	0.7992200779922007	0.7961130288284288	0.544899696346751	6.506359351325936e-06
ENSG00000128335	4097	1.0198098	357.11423	160.59071	0.003954882164971481	chr22:35642239:A:G	-583971	-597715	111	143	0.3575	0.002033883940855859	0.28200462	0.090099744	0.7530246975302469	0.7504017113809978	0.540061837736324	5.892623964920888e-06
ENSG00000100342	4142	1.0198727	314.18805	153.87642	0.0048609827129221786	chr22:36921326:T:C	668315	653796	58	64	0.16	0.0020682341020299283	0.3224084	0.103179686	0.7793220677932207	0.7774545639995564	0.5438498413811691	6.700405665040719e-06
ENSG00000100345	4404	1.0279536	427.53247	162.47351	0.00038419654684392627	chr22:36094234:G:A	-187044	-293833	123	154	0.385	0.00015727600584306958	0.36498076	0.09457315	0.14258574142585742	0.14215715882560356	0.36333418887968305	5.1866272834325615e-06
ENSG00000100348	4226	1.0356891	390.89105	160.8406	0.00020657897865045518	chr22:36950253:T:A	483206	468613	98	112	0.28	7.193823398011099e-05	-0.4563529	0.11234593	0.0685931406859314	0.06978266256200903	0.27622303930795233	5.957704308701103e-06
ENSG00000100353	4263	1.0431222	371.25272	158.51677	0.0005446884148057184	chr22:37177672:C:A	666816	648488	80	88	0.22	0.00019442705698191897	-0.36625925	0.09631088	0.16948305169483052	0.16739186102724898	0.3855085284263915	6.571006645500883e-06
ENSG00000100360	4033	1.0128133	342.5603	159.3581	0.007525319985431891	chr22:37143920:C:T	385717	367664	133	169	0.4225	0.004072729521347313	-0.2716687	0.09338897	0.9232076792320768	0.9230377287992858	0.5788098830230755	5.869071004009527e-06
ENSG00000128309	4092	1.0098658	355.10974	160.44867	0.00028804094956791685	chr22:37637903:C:T	618267	608081	35	37	0.0925	0.00010292441274073675	-0.56790596	0.14304475	0.09349065093490651	0.09465797115492412	0.3287967095445755	5.552912416871355e-06
ENSG00000100379	4103	1.0203912	338.1165	157.65439	0.0020174023660008786	chr22:37222096:C:T	170359	158706	88	102	0.255	0.0008485893538883328	-0.33482584	0.098702684	0.4871512848715128	0.48497143256258374	0.5042091492322014	6.247168693939623e-06
ENSG00000100385	4245	1.0497618	334.1181	156.61967	4.9843681738611036e-05	chr22:37733325:G:A	607481	558271	147	192	0.48	1.0941044966689923e-05	-0.40307665	0.089132346	0.0098990100989901	0.013178775184401963	0.12821448291610563	7.60649567800944e-06
ENSG00000128340	4015	1.065493	292.48383	154.82053	0.009128536053482714	chr22:36283606:A:T	-941665	-960842	80	88	0.22	0.004468799258564899	-0.2430665	0.08444172	0.9206079392060794	0.9230494450315364	0.5788098830230755	9.55607911653554e-06
ENSG00000100055	3984	1.0435635	311.39532	157.83507	0.0003639757875808427	chr22:37418884:A:G	136856	103543	130	165	0.4125	0.00011814938866122641	0.35563967	0.090394504	0.09529047095290472	0.09552762524275274	0.3287967095445755	7.855487533914234e-06
ENSG00000100060	3766	1.061473	317.58228	157.9735	0.00012220259177480434	chr22:37655012:G:A	185948	168619	33	35	0.0875	3.3687848303109166e-05	0.6384449	0.15015873	0.028197180281971802	0.030325217123345623	0.21692823436247527	8.591813953400887e-06
ENSG00000100083	3588	1.0474597	300.54196	158.29161	0.00218838405403836	chr22:37649700:C:T	40974	16136	96	115	0.2875	0.0009547430809089267	0.3478656	0.103599206	0.46505349465053497	0.4595276580175699	0.4949984140618728	8.337452211950486e-06
ENSG00000100092	3568	1.0728538	305.26254	158.41707	0.006724903527951936	chr22:36788159:T:G	-846496	-867960	106	125	0.3125	0.0034840102474013594	0.29396352	0.099320084	0.8571142885711429	0.8568144418684778	0.5565632271966179	9.564069991328765e-06
ENSG00000100097	3615	1.0249017	310.2824	160.8745	0.0010995263914100927	chr22:37923349:C:T	247712	243547	80	89	0.2225	0.0004809967878386206	0.41246572	0.116033904	0.2776722327767223	0.27796437177511296	0.47164722062501	7.0082823474243736e-06
ENSG00000273899	3623	1.0537554	290.29156	157.12682	1.9703742529122963e-05	chr22:37656284:A:G	-25390	-37192	134	165	0.4125	3.839627727474278e-06	-0.47176042	0.09902756	0.0035996400359964	0.004220198006604529	0.059395379352211876	8.97099498133583e-06
ENSG00000100106	3721	1.0369002	302.32565	158.12866	0.001494989103601742	chr22:37365954:G:A	-331095	-410602	109	141	0.3525	0.0006117309951245191	0.28947556	0.083025	0.3504649535046495	0.34628835409046793	0.47164722062501	7.761718870638622e-06
ENSG00000100124	3595	0.98593277	256.71448	155.33385	0.0011357556462072795	chr22:37145834:A:T	-685022	-703493	125	149	0.3725	0.00039556840679136216	0.30445737	0.084352165	0.260973902609739	0.2592382514925059	0.46249077731057386	6.5354187767584855e-06
ENSG00000100129	3607	1.0400944	269.0534	154.70375	0.0012944759683079557	chr22:38288061:C:T	439192	398654	53	59	0.1475	0.00044891408845395626	-0.37153617	0.10395329	0.27887211278872115	0.276252033816845	0.47164722062501	8.897567499214382e-06
ENSG00000100142	3652	1.0600259	259.3298	154.81316	0.0008359451361205096	chr22:38583230:T:C	630622	541315	23	24	0.06	0.0002696354689072871	-0.79533833	0.21410415	0.17328267173282672	0.17268841445977023	0.3906047469923373	1.0430401365331687e-05
ENSG00000184381	3762	1.0388505	262.49463	156.04567	0.0020796588424888884	chr22:38906189:C:T	794693	691411	23	24	0.06	0.000826320143332572	0.6545368	0.19251047	0.40535946405359463	0.4022116826730628	0.473429034596026	9.049287817033015e-06
ENSG00000185022	3538	1.045325	222.09674	153.86679	0.0007400372781157783	chr22:38166049:C:T	-34719	-50458	145	187	0.4675	0.00022344184891803616	-0.26891103	0.07141297	0.1337866213378662	0.13672320536986857	0.36333418887968305	1.1134365038618667e-05
ENSG00000198792	3612	1.0493867	232.44691	153.7579	0.009408736531783856	chr22:38944083:C:T	724791	671073	40	43	0.1075	0.0044899680311482814	0.41847396	0.14545736	0.8785121487851215	0.879427876862137	0.5654527803851302	1.0908050677498149e-05
ENSG00000213923	3487	1.041082	210.57089	152.50269	0.007197787141725944	chr22:38100247:C:A	-190445	-217837	26	27	0.0675	0.0031480594273884015	0.514454	0.17192173	0.771022897710229	0.7685437858044617	0.5438498413811691	1.1438668342803619e-05
ENSG00000100201	3403	1.0439953	217.6754	156.45906	0.0020210101612053	chr22:39032391:C:G	548952	524731	91	104	0.26	0.0008121382191869824	-0.3746167	0.110018395	0.3371662833716628	0.33543643128885103	0.47164722062501	1.1267411265525066e-05
ENSG00000100216	3373	1.0688466	195.1682	151.5379	0.002770621990456095	chr22:38407058:C:T	-274900	-278363	28	28	0.07	0.0009737603386557967	0.60750026	0.1812347	0.39606039396060394	0.3852143405511829	0.4718195645443753	1.4608383660890575e-05
ENSG00000100221	3374	1.0709167	188.39973	149.86775	0.00022615746215643313	chr22:39236915:G:C	551371	535359	125	151	0.3775	4.359832302859778e-05	0.3967526	0.0947354	0.032296770322967704	0.0322986353765596	0.21692823436247527	1.531950745578333e-05
ENSG00000100226	3359	1.0486442	219.91574	156.7023	0.0007140500961913411	chr22:39592272:T:C	886529	853973	30	30	0.075	0.00024453031202881296	-0.68465626	0.18300264	0.12788721127887212	0.12982017532720908	0.36333418887968305	1.1477101184352344e-05
ENSG00000100242	3338	1.0199714	208.42259	156.39862	0.004212230939502689	chr22:39265592:G:A	530866	471449	28	29	0.0725	0.0019038923283998005	0.59463924	0.18875557	0.5792420757924207	0.5760589702789503	0.5150486505045796	1.010684977545194e-05
ENSG00000183741	3271	1.0436629	196.35124	153.3427	0.003956188357581226	chr22:39214434:A:G	353011	342185	120	149	0.3725	0.001591668612633293	-0.31451565	0.09812868	0.525947405259474	0.5203818020404452	0.5042091492322014	1.2465234486012379e-05
ENSG00000244509	3298	1.0565783	219.26056	154.73969	0.0005379693295083137	chr22:39161409:C:T	147151	141057	75	87	0.2175	0.00015991654291502296	-0.42317724	0.10977815	0.09259074092590741	0.09604324936696815	0.3287967095445755	1.2082140248427582e-05
ENSG00000243811	3316	1.0295147	200.84012	152.05794	0.0037451110546644012	chr22:38247414:C:T	-773700	-785863	61	66	0.165	0.0014239693637176447	-0.35135925	0.108482555	0.5243475652434757	0.5153619010642392	0.5042091492322014	1.1150766753816237e-05
ENSG00000128394	3314	1.0093218	209.78783	154.75252	5.075564750837268e-06	chr22:38262627:C:T	-777978	-793345	109	130	0.325	6.513882622222062e-07	0.44099852	0.08555037	0.0011998800119988001	0.0009945075263078447	0.025194190666465395	9.365668618586935e-06
ENSG00000239713	3295	1.0440265	203.1766	153.23946	0.0038789411733218633	chr22:39194910:C:T	117842	107167	43	45	0.1125	0.0015492264881160694	0.39221552	0.12205832	0.5295470452954705	0.5254390081472415	0.5042091492322014	1.2073703808866975e-05
ENSG00000100298	3280	1.010881	198.6182	152.9634	0.000852246671756774	chr22:39186663:T:C	89438	82596	130	160	0.4	0.0002532069933201978	0.3150935	0.08443483	0.15248475152484753	0.15202667376807794	0.36333418887968305	9.994580381638402e-06
ENSG00000100307	3287	1.0563743	213.00243	154.5214	0.0038945633186496346	chr22:39927061:G:A	806893	774381	22	22	0.055	0.0016286804415812542	0.66476864	0.20786107	0.5443455654434557	0.5385375886696712	0.505294527640679	1.2421715883413757e-05
ENSG00000100316	3091	1.0588417	189.14111	153.15723	0.0016042386174113688	chr22:39476122:A:G	163239	155733	139	189	0.5275	0.0005417725598057206	-0.12786263	0.036312994	0.23597640235976403	0.23688413209369996	0.4474206131237814	1.4198732179287809e-05
ENSG00000100324	3169	1.0173552	179.93399	152.54927	0.006298157750858853	chr22:39062044:G:A	-337735	-375016	29	31	0.0775	0.00269006806049486	0.48903087	0.1607376	0.6738326167383262	0.6722128891436783	0.5255985552975261	1.1509877552808176e-05
ENSG00000100335	3145	1.0006644	158.58293	148.9969	0.004486689707105602	chr22:38986805:G:T	-512628	-531327	146	197	0.4925	0.0015833412559706156	0.24517721	0.07645708	0.514048595140486	0.5095647990446023	0.5042091492322014	1.169572569990257e-05
ENSG00000128272	3143	1.0192025	181.2978	154.9804	0.008589377528395614	chr22:40271992:G:A	752296	749307	90	101	0.2525	0.004180710874953901	-0.3073069	0.105952196	0.7843215678432157	0.7848251880662669	0.5438498413811691	1.1561158991568058e-05
ENSG00000187051	3148	1.0482707	179.05403	153.58849	0.002471570455247874	chr22:39646049:C:T	116955	113288	65	75	0.1875	0.0009202892353110045	0.40436003	0.1200388	0.34166583341665835	0.3352002421127834	0.47164722062501	1.406359311162535e-05
ENSG00000100351	3248	1.0173429	168.89357	154.67845	1.7805415214657514e-05	chr22:39977293:G:T	76208	3572	133	160	0.4	2.854578557183757e-06	-0.43819898	0.09070969	0.0025997400259974	0.0026950761560392096	0.05689605218304996	1.2261245316006864e-05
ENSG00000100354	3567	1.0415527	151.93787	149.62396	0.0034281549732111554	chr22:39758871:A:T	-285947	-576937	140	173	0.4325	0.0011691258484060288	0.29828542	0.09044613	0.39286071392860716	0.3865091136455914	0.4718195645443753	1.5898737232931352e-05
ENSG00000239900	2803	1.0129477	113.73998	150.8919	0.007907895563982309	chr22:39812449:G:A	-534052	-578014	53	54	0.135	0.0033484905434112092	0.45128265	0.15181655	0.5927407259274072	0.5888389946501751	0.5150486505045796	1.769118871070008e-05
ENSG00000100359	2770	1.0662146	105.568214	147.73009	0.0024411975262973794	chr22:39596655:G:A	-773937	-813634	143	183	0.4575	0.0007162534852699128	0.33086354	0.09614264	0.2014798520147985	0.2011071191553856	0.41431977592974367	2.6584269462501915e-05
ENSG00000196588	2962	1.052254	112.28832	149.36673	0.008522045799063648	chr22:40121053:C:G	-289229	-515666	56	59	0.1475	0.0034928195174203456	0.4182699	0.14135785	0.6017398260173983	0.5946843849156703	0.5150486505045796	2.2977405863764614e-05
ENSG00000100372	2731	1.0448195	80.76637	148.41112	0.0036817195955848687	chr22:41551712:T:C	782081	732313	41	44	0.11	0.001217334580185771	-0.43719962	0.13305348	0.24287571242875713	0.23855307845859713	0.4474206131237814	3.0516794814463415e-05
ENSG00000100380	2734	1.0421282	77.38395	145.94463	0.007279047758830395	chr22:40280668:T:G	-543868	-575971	36	37	0.0925	0.002573852311038441	-0.51455915	0.1683567	0.41945805419458054	0.4115179073591134	0.47386910544382743	3.1323538873135585e-05
ENSG00000196236	2825	1.0659727	79.84423	144.97185	0.0008023396648105733	chr22:41883649:A:G	1026571	950834	106	127	0.3175	0.00015828515229399925	-0.36822414	0.095455386	0.046795320467953205	0.0502617811891161	0.27622303930795233	3.509488201189857e-05
ENSG00000100387	2860	1.0425171	80.49939	147.05293	0.04107006488243117	chr22:40637705:G:A	-313643	-335604	123	151	0.3775	0.022262185840977056	0.22843212	0.099087544	0.9591040895910409	0.9628146225502446	0.5835240136668148	3.0184403954212604e-05
ENSG00000100393	3088	1.0332584	75.06319	145.8759	0.010291801690796961	chr22:42143104:T:C	1050511	963027	39	43	0.1075	0.0039423616243734515	0.46970913	0.16087948	0.5313468653134686	0.524436557608536	0.5042091492322014	3.0547102030626526e-05
ENSG00000100395	2984	1.0311925	74.988335	146.57391	0.018854591961719753	chr22:41651521:T:A	446238	420250	52	56	0.14	0.008486002394640944	0.32365698	0.12164189	0.7483251674832517	0.7496246093908929	0.540061837736324	3.0180654821811547e-05
ENSG00000100401	2975	1.0422182	70.25365	143.88324	0.0024423371224750255	chr22:40344082:A:G	-901530	-942169	35	36	0.09	0.000607586922002855	0.5565171	0.15952696	0.14228577142285773	0.14364314905567607	0.36333418887968305	3.452096723893052e-05
ENSG00000100403	3055	1.0282837	78.85529	145.83241	0.015153368643238543	chr22:40722419:A:G	-579107	-637728	51	55	0.1375	0.006352085160566912	0.40543082	0.14685842	0.6901309869013099	0.6891527927331019	0.5265684470979933	2.81753494191428e-05
ENSG00000183864	3085	1.0124766	86.50076	149.22876	0.007347481869961432	chr22:42414295:C:T	980800	967494	131	164	0.41	0.0029053661029034205	0.29877943	0.09899953	0.46655334466553344	0.46555079109313574	0.4955442594268671	2.3189923762731078e-05
ENSG00000100410	3094	1.0423819	83.80269	145.02528	0.0029555527103154755	chr22:40637717:A:G	-822001	-830975	90	103	0.2575	0.0008104576222092182	-0.36013758	0.10574744	0.20227977202279773	0.2027986271656114	0.41431977592974367	2.8970601477529606e-05
ENSG00000100412	3124	1.0593941	82.96899	143.73354	0.001636175916056016	chr22:42246837:G:A	777719	717848	32	33	0.0825	0.00036431573571199354	-0.6045377	0.16643931	0.11298870112988701	0.10973548963776904	0.3564058637807882	3.24694536742577e-05
ENSG00000100413	3044	1.0340198	83.07983	144.74847	0.0035167045274509747	chr22:41864263:C:T	338463	319657	92	105	0.2625	0.0009956474089144452	-0.3375433	0.10089562	0.24887511248875113	0.2392374633260616	0.4474206131237814	2.773303966573814e-05
ENSG00000100417	3038	1.0250572	90.121445	147.19092	0.016695052767679245	chr22:40727791:A:G	-849110	-862080	118	135	0.3375	0.007431970628732955	-0.28782222	0.10633103	0.7721227877212279	0.7727984043004716	0.5438498413811691	2.415056068552171e-05
ENSG00000100418	3046	1.0266243	101.39734	150.61214	0.011659774216943475	chr22:42114808:A:G	516779	493765	23	25	0.0625	0.0052919730804002535	-0.50398195	0.1785695	0.6874312568743126	0.6852007260461033	0.5265684470979933	2.1681671148338407e-05
ENSG00000196419	3156	1.047442	98.08895	146.54555	0.0007353247852933983	chr22:41981874:G:A	360754	317826	22	23	0.0575	0.00015415948712236115	0.72735524	0.1882131	0.0547945205479452	0.06015021989966397	0.27622303930795233	2.5538570378578975e-05
ENSG00000100138	3189	1.0894649	97.41432	143.82295	0.033445705840638745	chr22:42450052:T:A	776118	759548	98	111	0.2775	0.01611160871821259	-0.26813412	0.110398866	0.9528047195280472	0.9567610960487857	0.5826429751579142	3.2990592280772733e-05
ENSG00000167077	3584	1.0444683	120.93419	147.10318	0.005431964741525324	chr22:41017126:T:C	-682378	-782330	115	137	0.3425	0.0018678688379047956	-0.2930982	0.09286443	0.46595340465953405	0.4611301015207974	0.4949984140618728	2.033850663010968e-05
ENSG00000100147	3330	1.039752	122.90151	148.11218	0.000312589191151564	chr22:40866123:A:T	-934557	-960176	84	93	0.2325	5.8447946993516866e-05	0.48490432	0.11784914	0.0292970702929707	0.03253923515437129	0.21692823436247527	1.94349852140734e-05
ENSG00000184068	3308	1.0149055	112.540924	145.90086	0.02103036544580648	chr22:42686472:G:C	855256	851807	151	195	0.4875	0.009537211363468084	0.21394311	0.08166923	0.9054094590540946	0.9061503680988191	0.573895233129252	1.8110251836659963e-05
ENSG00000198911	3471	1.0543619	129.33275	149.58943	0.023533065840208096	chr22:41822598:G:A	-10482	-84709	41	42	0.105	0.011989431076861238	-0.4098121	0.16149253	0.9438056194380562	0.9490261321144674	0.5826429751579142	2.020766593707936e-05
ENSG00000100162	3518	1.0400486	121.36013	146.24321	0.010018784237480188	chr22:41668834:G:C	-269904	-278318	26	26	0.065	0.0038579170525955505	0.5546389	0.18951045	0.6964303569643036	0.6900818069863177	0.5265684470979933	1.97182381622647e-05
ENSG00000183172	3664	1.0553179	125.27941	145.4369	3.8415987100848806e-24	chr22:42085408:T:A	5716	1124	103	123	0.3075	3.9820752917391704e-30	-0.96172506	0.06981756	9.999000099990002e-05	3.109337050171362e-23	3.938493596883724e-21	2.0982784605596195e-05
ENSG00000184983	3673	1.0645562	135.56697	148.32265	0.0013902703311197916	chr22:42706931:A:G	621404	616047	38	39	0.0975	0.0003686240081482862	0.6013662	0.16571456	0.1496850314968503	0.1495728397020787	0.36333418887968305	2.049948082116019e-05
ENSG00000237037	3799	1.0094575	131.95235	145.59778	0.0035605591428622975	chr22:43024435:G:A	933503	886693	25	26	0.065	0.0010463484764247674	0.5762519	0.17300573	0.3745625437456254	0.3708374348484281	0.4718195645443753	1.4903354471640304e-05
ENSG00000100207	4277	1.0204694	217.43333	153.79933	0.0033917539352519613	chr22:43140187:T:C	980173	796571	55	57	0.1425	0.0013486311756481966	0.46150228	0.14177291	0.5154484551544846	0.5125423337698836	0.5042091492322014	9.719303116503571e-06
ENSG00000189306	4188	1.0511684	236.95338	151.23633	0.003222170001388726	chr22:43430261:A:G	921916	910465	133	170	0.425	0.0011536153483447862	0.31297526	0.09478621	0.5115488451154885	0.5105118029581742	0.5042091492322014	1.0818032530440475e-05
ENSG00000182841	4253	1.0631506	241.1006	150.95094	0.0039019394747442765	chr22:42759558:C:T	204334	177520	74	83	0.2075	0.0014364298896937782	0.38657477	0.11945236	0.5874412558744125	0.5825623318653164	0.5150486505045796	1.143131924393278e-05
ENSG00000100227	4288	1.0437652	253.84251	152.7625	0.0061866337915820946	chr22:42174452:G:A	-409270	-440510	132	165	0.4125	0.0026518494477916752	-0.29044074	0.09532207	0.7836216378362164	0.7797088259673797	0.5438498413811691	9.648428867570475e-06
ENSG00000100243	4341	1.0596746	252.41147	151.91574	0.011859374737918498	chr22:42140943:A:G	-476898	-508449	25	26	0.065	0.005604027815346318	0.5346054	0.19071944	0.9423057694230577	0.9449011231399966	0.5826429751579142	1.0693609508347755e-05
ENSG00000242247	4657	1.0667447	256.00476	151.31879	0.002325289719825305	chr22:43020860:G:A	224357	162754	137	176	0.44	0.0007823717017759373	0.34175095	0.100048006	0.42205779422057793	0.4169564708751494	0.47580618298065086	1.0999248916497322e-05
ENSG00000100266	5066	1.0620577	289.24295	152.57957	0.0034337760959162436	chr22:43280421:T:C	445008	265272	18	19	0.0475	0.001308777095847897	-0.6978328	0.21378194	0.6083391660833917	0.603508102658716	0.516515943716919	9.466683006280936e-06
ENSG00000100271	4815	1.0285292	262.11652	148.01048	0.0027983774712871754	chr22:42061546:C:G	-977971	-1027873	18	18	0.045	0.0008566723968254579	0.6880504	0.20299439	0.5118488151184881	0.5066993139682345	0.5042091492322014	8.490706267156673e-06
ENSG00000100300	4773	1.0501868	320.91693	153.96681	0.00589582477753806	chr22:43222186:G:A	70638	58944	16	16	0.04	0.0026046384074302938	0.7784007	0.2549949	0.8402159784021598	0.8379309793960166	0.549937430346263	7.94002330347367e-06
ENSG00000100347	5833	1.0624634	536.9591	157.53699	0.00034392625161885025	chr22:44583508:C:A	628065	572977	102	123	0.3075	0.00010900443517573204	0.37267914	0.09422381	0.1444855514448555	0.14721788076672687	0.36333418887968305	5.112086778491459e-06
ENSG00000188677	6282	0.99963164	576.89386	158.27917	0.0007924790947984651	chr22:45062946:G:A	1063734	889997	140	194	0.515	0.00029622842136101655	0.30824223	0.083555385	0.36636336366363365	0.36722471192738154	0.4718195645443753	3.1928297445667553e-06
ENSG00000138964	5945	1.0657384	538.51715	156.05983	0.0010805467860759274	chr22:44333613:T:C	160656	114080	25	28	0.07	0.00038510008652896854	0.67023826	0.18531203	0.41575842415758424	0.4097679509939193	0.47386910544382743	5.198051406347199e-06
ENSG00000186654	5994	1.0443598	556.6387	158.83398	0.0024643591569627086	chr22:44590529:C:T	-78019	-147152	143	181	0.4525	0.0011163903725421368	0.2973566	0.08979114	0.7364263573642635	0.7312802071917347	0.535426741296453	4.416405416001188e-06
ENSG00000241484	6025	1.0225408	596.0671	161.444	9.052787026666754e-06	chr22:44713948:C:T	-38611	-148840	60	71	0.1775	2.1427826599521035e-06	0.46912506	0.09584049	0.0035996400359964	0.004737762032591568	0.06001165241282651	3.5932640211079368e-06
ENSG00000226328	5661	1.0601676	509.1673	155.86992	0.00021119742612568418	chr22:45993035:T:C	860014	829254	62	64	0.16	5.6566068102013734e-05	0.5062698	0.12279576	0.0801919808019198	0.08669132503981755	0.3287967095445755	5.317272373331771e-06
ENSG00000093000	5617	1.0344831	522.2308	157.66812	6.35310155681553e-05	chr22:44827373:C:T	-336553	-360644	138	181	0.4525	1.550855716849422e-05	-0.3752683	0.08452713	0.0282971702829717	0.028580337497133575	0.21692823436247527	4.425670909201176e-06
ENSG00000100376	5434	1.0399545	501.2381	157.98604	1.1359814897239292e-13	chr22:45317139:G:A	8170	-24816	40	40	0.1	1.1128686026290069e-15	1.308186	0.14899132	9.999000099990002e-05	2.1805102313792242e-11	1.3809898132068417e-09	4.772023634843593e-06
ENSG00000130638	5904	1.0508456	507.36008	158.6302	0.0007241839794410308	chr22:46549045:C:T	877246	703738	95	112	0.28	0.00027123941607733827	0.37999988	0.10233997	0.2832716728327167	0.2845489213447268	0.47164722062501	5.0427030017752505e-06
ENSG00000241990	5053	1.0360867	361.49237	155.8681	0.0024563180459354337	chr22:46569666:G:C	515960	512456	112	141	0.3525	0.0009966930190438063	-0.2974375	0.088915735	0.5791420857914209	0.5726414596372311	0.5150486505045796	6.4583183730159404e-06
ENSG00000186951	5258	1.048687	343.50522	154.79767	0.002123084669150982	chr22:45239335:T:C	-911187	-1004421	95	110	0.275	0.0008063698485822839	-0.3418641	0.100338526	0.4981501849815019	0.49503488480526747	0.5042091492322014	7.350003119581404e-06
ENSG00000075234	4949	1.0361576	339.0855	155.26482	0.0004937875757445874	chr22:46424255:A:G	156293	130247	24	25	0.0625	0.00014837196372834095	0.6665081	0.17201877	0.1441855814418558	0.14209750385168934	0.36333418887968305	6.88813154998173e-06
ENSG00000100416	4956	1.0299196	344.21417	156.30249	0.005254208472746339	chr22:46872126:T:C	541250	514786	45	46	0.115	0.00245399283456361	-0.4507287	0.14675182	0.8301169883011699	0.8292198790492018	0.5499189424759103	6.523176352582842e-06
ENSG00000100422	4998	1.0403869	346.0774	154.77997	0.000859837216171356	chr22:45747223:T:C	-937188	-991029	137	169	0.4225	0.00027830437023616025	0.3891933	0.1050139	0.24147585241475852	0.24019422388750372	0.4474206131237814	6.930055192061727e-06
ENSG00000054611	6099	1.0449544	493.72427	159.10693	0.0022725369148365072	chr22:47823203:G:A	1060585	647504	54	57	0.1425	0.0010275626709132111	0.475085	0.14240418	0.6642335766423357	0.6566035574917448	0.5255985552975261	4.997509358190569e-06
ENSG00000218357	5598	1.0342863	437.05746	158.44104	8.12862992614766e-05	chr22:47506864:G:C	45564	19753	132	171	0.4275	2.1620912727909474e-05	-0.4357371	0.09994211	0.030796920307969204	0.030662970948355666	0.21692823436247527	5.281546547999416e-06
ENSG00000100425	6711	1.0605602	554.88074	157.05194	0.0021260642919653802	chr22:49237340:G:A	-535944	-590172	51	55	0.1375	0.0008812228198825436	0.37646273	0.111337945	0.675032496750325	0.6692687230312087	0.5255985552975261	4.890778426955561e-06
ENSG00000100426	6239	1.0686414	527.7089	157.19263	0.0035225600276539972	chr22:50054633:T:C	200788	164553	56	58	0.145	0.001589749209001886	0.48340917	0.15080608	0.834016598340166	0.8274969079985655	0.5499189424759103	5.3968313033685376e-06
ENSG00000182858	6062	1.0525167	420.64355	152.94016	0.0007802464128666407	chr22:50483265:C:T	583035	564827	61	66	0.165	0.0002277035208119412	0.4540211	0.12073463	0.2555744425557444	0.2568676014748145	0.46249077731057386	6.14462344949976e-06
ENSG00000184164	5971	1.0580171	416.05536	152.16985	0.0005721090814380444	chr22:50051516:T:G	133348	123976	61	64	0.16	0.00015141822601188345	0.482984	0.12482575	0.19148085191480851	0.1893877277724508	0.41360538249155915	6.4233413927765575e-06
ENSG00000198355	5700	1.0351251	454.16296	157.26622	0.0028276378297520896	chr22:50485991:C:T	525222	521919	31	31	0.0775	0.0012359452177338533	-0.5415518	0.16503862	0.7124287571242875	0.7106989425850575	0.5318865433111227	5.109570682648326e-06
ENSG00000170638	4573	1.0311756	328.5482	154.32898	0.0009373254377757159	chr22:50523357:C:T	337441	323759	18	19	0.0475	0.0003018358213033432	-0.79861736	0.21678306	0.25337466253374663	0.25158285347453035	0.4618429194218431	6.888921453261843e-06
ENSG00000073169	4475	1.0353501	318.22424	153.77954	0.0029244429792149554	chr22:50621912:G:C	420932	404296	32	32	0.08	0.0011311062138847521	0.5825017	0.17610149	0.5980401959804019	0.5905402804718753	0.5150486505045796	7.302477081705254e-06
ENSG00000128159	4397	1.0300688	306.81223	152.34276	0.00024594030116322976	chr22:49518028:C:T	-699662	-726995	87	99	0.2475	5.564372330895112e-05	0.4128476	0.10003585	0.0644935506449355	0.06635253362953288	0.27622303930795233	7.325282491970786e-06
ENSG00000100429	4261	1.033419	305.18365	153.35803	0.0037162526635647953	chr22:49260408:A:G	-984776	-990997	135	173	0.4325	0.0014788048861937087	0.29471126	0.091314234	0.6727327267273273	0.6655651662819312	0.5255985552975261	7.522351004738374e-06
ENSG00000100239	3863	1.0296924	269.45798	153.82613	0.004724662007843169	chr22:50220269:T:A	-123036	-224821	52	56	0.14	0.001996559742242962	0.45002955	0.1435205	0.7086291370862914	0.7098934184197827	0.5318865433111227	8.320776067993094e-06
ENSG00000100241	3345	1.0579584	202.72282	149.30676	0.002727445564725366	chr22:50171483:G:A	-273518	-303552	138	181	0.4525	0.0008748678540145555	0.30758387	0.090910375	0.39786021397860216	0.3973176826946192	0.473429034596026	1.3177165970574499e-05
ENSG00000100258	3256	1.0422512	185.27174	149.25586	0.0004145930852270033	chr22:50178377:G:A	-324573	-329325	116	143	0.3575	8.80724091838023e-05	0.3723582	0.09285034	0.06479352064793521	0.06509599271575041	0.27622303930795233	1.3095350618182893e-05
ENSG00000025770	3234	1.0700296	183.13733	148.54118	0.007386451301756354	chr22:50471028:T:C	-37197	-53752	47	47	0.1175	0.0028589333761228366	-0.45951566	0.15200084	0.7246275372462754	0.7180468334700159	0.5318865433111227	1.567725176628823e-05
ENSG00000284194	3188	1.0257733	178.56699	148.86157	0.008989760352976363	chr22:50029649:C:T	-493920	-496812	106	131	0.3275	0.0036680528767206854	-0.26892987	0.091376476	0.791020897910209	0.7929939920789446	0.544899696346751	1.2245586940100249e-05
ENSG00000025708	3184	1.0474321	194.61765	151.77483	0.002352849992620661	chr22:50505734:A:G	-20019	-24298	116	141	0.3525	0.0008081568325762189	-0.35079974	0.1029806	0.3511648835116488	0.34524747216025503	0.47164722062501	1.2872494156239861e-05
ENSG00000130487	3136	1.0280404	162.80841	146.86316	0.008106709096659124	chr22:50494134:T:C	-51766	-56889	34	35	0.0875	0.003031696154210341	0.43069553	0.143354	0.7268273172682732	0.724203086698229	0.5333278545452071	1.3626766124799034e-05
ENSG00000100288	3038	1.0564408	183.38628	150.3102	0.0020525803104730726	chr22:50733069:G:A	154119	131614	58	66	0.165	0.0006459467773680605	-0.4264341	0.12285437	0.29087091290870914	0.2883346540119614	0.47164722062501	1.4433265342544324e-05
ENSG00000100299	2965	1.0356677	158.71173	145.59624	0.005384160535874344	chr22:49708823:C:T	-913932	-919350	24	26	0.065	0.0017491857310828948	0.5228797	0.16461696	0.5648435156484352	0.5592049759571943	0.5105070584660047	1.4670205431135021e-05
ENSG00000079974	2627	1.0520468	146.8374	147.31534	0.0004345801307071388	chr22:50031251:C:T	-736251	-752412	27	29	0.0725	8.382832476878534e-05	0.6958723	0.17297451	0.04939506049395061	0.05233749458496495	0.27622303930795233	1.754989949854517e-05
